time_s,sensor_time_s,imu_valid,imu_ax_mps2,imu_ay_mps2,imu_az_mps2,gyro_p_rps,gyro_q_rps,gyro_r_rps,imu_accel_norm_mps2,imu_gyro_norm_rps,gps_valid,gps_latency_s,gps_x_m,gps_y_m,gps_z_m,gps_vx_mps,gps_vy_mps,gps_vz_mps,baro_valid,baro_alt_m,baro_bias_m,pitot_valid,pitot_airspeed_mps,pitot_qbar_pa,pitot_compressibility_factor,mag_valid,mag_heading_deg,mag_x_ut,mag_y_ut,mag_z_ut,radar_valid,optical_flow_valid,horizon_valid,horizon_roll_deg,horizon_pitch_deg
0.0,0.0,1.0,22.039952029066992,0.06421624096399967,-0.05549153272046388,8.96710374289511e-06,-0.00392686140635816,-0.00033643320647488983,22.040115437070227,0.003941257187258108,1.0,0.0,-6.056244605796681,-14.452553801575789,14505.691541827058,168.06173605742853,-0.11079775418696261,10.04166907179879,1.0,14497.48871022862,0.0,1.0,167.72453538558904,3025.811276576433,1.0,1.0,1.9849282074758248,21.07724535897506,0.014132475832505058,-43.128268434554464,0.0,0.0,1.0,0.3225627711320563,4.232969305443469
0.04,0.04,1.0,22.24873946132101,0.004457972158902777,0.4996330865135506,-8.975239615825204e-05,-0.2906811470180924,0.006616684680462875,22.254349253851426,0.29075645788770904,1.0,0.0,-6.056244605796681,-14.452553801575789,14505.691541827058,168.06173605742853,-0.11079775418696261,10.04166907179879,1.0,14503.748873000204,0.0,1.0,169.44442580350932,3009.2588409429563,1.0,1.0,1.9849282074758248,21.07724535897506,0.014132475832505058,-43.128268434554464,0.0,0.0,1.0,0.3225627711320563,4.232969305443469
0.08,0.08,1.0,22.35972452380551,-0.02338347405040481,1.1176302034438883,0.00032815998591068275,-0.19781331304695504,0.0015816988868904915,22.3876511684227,0.1978199087022279,1.0,0.0,-6.056244605796681,-14.452553801575789,14505.691541827058,168.06173605742853,-0.11079775418696261,10.04166907179879,1.0,14495.27147555864,0.0,1.0,169.8612904996725,3039.8881526966916,1.0,1.0,-0.7490479202685634,20.358235520444065,-0.015398035674553966,-43.4063591200609,0.0,0.0,1.0,-0.0923479037681312,5.353273778627554
0.12,0.12,1.0,22.542409181046313,-0.04084592173786858,1.175822976370634,-0.00237234848955191,0.09166929599203533,0.0011583307911810347,22.57309105432406,0.09170730393623543,1.0,0.0,-6.056244605796681,-14.452553801575789,14505.691541827058,168.06173605742853,-0.11079775418696261,10.04166907179879,1.0,14505.84313027162,0.0,1.0,171.10261903178161,3008.8983462177853,1.0,1.0,-0.7490479202685634,20.358235520444065,-0.015398035674553966,-43.4063591200609,0.0,0.0,1.0,-0.0923479037681312,5.353273778627554
0.16,0.16,1.0,22.788478962345394,0.03319989188614972,0.7455089546989091,0.0022162629116312224,0.23321602005571843,-0.0002460041148525029,22.800694271263236,0.23322668018463766,1.0,0.0,-6.056244605796681,-14.452553801575789,14505.691541827058,168.06173605742853,-0.11079775418696261,10.04166907179879,1.0,14503.35319673054,0.0,1.0,171.9466576047514,3077.1977101935117,1.0,1.0,-0.7611812131334899,20.635277163111777,0.00853686375760408,-43.38103962212672,0.0,0.0,1.0,0.21453848142004184,4.868856309991614
0.2,0.2,1.0,23.03884530593878,0.0045659909310376305,0.4764636660085269,0.002825913862601225,0.12659449622650495,-0.0017066103174499042,23.043772076295944,0.12663753307284947,1.0,0.0,31.75843507375499,-3.6933226876318983,14498.37366740766,172.35849312668424,-0.1382751029959232,8.637712478488085,1.0,14502.950991360905,0.0,1.0,172.12990687565346,3104.114156350939,1.0,1.0,-0.7611812131334899,20.635277163111777,0.00853686375760408,-43.38103962212672,0.0,0.0,1.0,0.21453848142004184,4.868856309991614
0.24,0.24,1.0,23.260251324569865,0.0030382783380873196,0.6651884585185456,0.001759196210680961,-0.048261651999073604,0.005552013942351433,23.2697609914377,0.04861179572699845,1.0,0.0,31.75843507375499,-3.6933226876318983,14498.37366740766,172.35849312668424,-0.1382751029959232,8.637712478488085,1.0,14503.559838637753,0.0,1.0,174.40881729002885,3205.1951341169856,1.0,1.0,-1.1114201617609234,20.90513105155556,0.06279654633319463,-43.23043895729142,0.0,0.0,1.0,0.08449078060680751,4.421143807757207
0.28,0.28,1.0,23.418056981487606,0.03414839186664129,0.9460262960720786,0.002028252075046659,-0.10349398905008297,0.0032549845405176157,23.437182523795972,0.10356502546872488,1.0,0.0,31.75843507375499,-3.6933226876318983,14498.37366740766,172.35849312668424,-0.1382751029959232,8.637712478488085,1.0,14499.835512411473,0.0,1.0,173.98061934791193,3237.8592003989365,1.0,1.0,-1.1114201617609234,20.90513105155556,0.06279654633319463,-43.23043895729142,0.0,0.0,1.0,0.08449078060680751,4.421143807757207
0.32,0.32,1.0,23.631855437135364,-0.03823278540144194,1.198482583572803,-0.0007698503487642755,-0.014704219993318588,0.0016271624951772715,23.66225715460533,0.01481399382196152,1.0,0.0,31.75843507375499,-3.6933226876318983,14498.37366740766,172.35849312668424,-0.1382751029959232,8.637712478488085,1.0,14506.304297980932,0.0,1.0,174.8334213361279,3271.3551335159977,1.0,1.0,0.5599854402746506,20.661269578786893,0.0012030225546295838,-43.29404081176841,0.0,0.0,1.0,-0.14368028964104557,4.059053328842266
0.36,0.36,1.0,23.833523286521192,0.017078488452456634,1.1141940187170865,0.002625691012318353,0.10017895409981681,-0.004200281309021834,23.859558927927832,0.10030134326568259,1.0,0.0,31.75843507375499,-3.6933226876318983,14498.37366740766,172.35849312668424,-0.1382751029959232,8.637712478488085,1.0,14500.86760531122,0.0,1.0,176.75762213619822,3277.5430596646524,1.0,1.0,0.5599854402746506,20.661269578786893,0.0012030225546295838,-43.29404081176841,0.0,0.0,1.0,-0.14368028964104557,4.059053328842266
0.4,0.4,1.0,24.04367990372922,-0.04500358335360431,0.8660093163243752,0.002023840005181767,0.11117051017687267,0.001732668162615753,24.059312973804296,0.11120242983098196,1.0,0.0,69.60389581133701,-10.023653412103453,14505.822356216451,177.236471077517,-0.2762817506196476,7.21443395210731,1.0,14508.464138301095,0.0,1.0,176.8267950649164,3324.5299832580718,1.0,1.0,-1.1507104654202995,20.9881899433408,0.014704042995086555,-43.27991884026299,0.0,0.0,1.0,0.11869794040652398,4.630959801006184
0.44,0.44,1.0,24.238172409248588,0.07509587677116007,0.9150084536965257,0.000789607133830544,0.025349321354567175,0.0023214080559461462,24.255553623892066,0.025467636480936414,1.0,0.0,69.60389581133701,-10.023653412103453,14505.822356216451,177.236471077517,-0.2762817506196476,7.21443395210731,1.0,14503.256392455502,0.0,1.0,178.73979071752487,3309.8653324645334,1.0,1.0,-1.1507104654202995,20.9881899433408,0.014704042995086555,-43.27991884026299,0.0,0.0,1.0,0.11869794040652398,4.630959801006184
0.48,0.48,1.0,24.458495285523455,-0.015786655920125812,1.0520088306974804,-0.0003283581531905378,-0.03905694771537916,0.0028070631184894685,24.48111442378275,0.03915906775281827,1.0,0.0,69.60389581133701,-10.023653412103453,14505.822356216451,177.236471077517,-0.2762817506196476,7.21443395210731,1.0,14505.752549104267,0.0,1.0,179.61392058528529,3348.0935837616457,1.0,1.0,-0.016169170088370554,21.029741003606137,-0.0568923487975029,-43.16504659339373,0.0,0.0,1.0,-0.18039758799319058,3.230474799924795
0.52,0.52,1.0,24.652653144874712,-0.023672421802965485,1.1620388364300436,-0.0041003556722694285,-0.016696560321862508,0.0005144578227476238,24.680036501642917,0.017200369474871514,1.0,0.0,69.60389581133701,-10.023653412103453,14505.822356216451,177.236471077517,-0.2762817506196476,7.21443395210731,1.0,14503.157436577174,0.0,1.0,179.73112131563295,3411.030789430746,1.0,1.0,-0.016169170088370554,21.029741003606137,-0.0568923487975029,-43.16504659339373,0.0,0.0,1.0,-0.18039758799319058,3.230474799924795
0.56,0.56,1.0,24.855819644439997,-0.014420410313563309,1.1782092851798063,0.0023753918418035966,0.04363486402961338,-0.0014771672718084208,24.883732743799648,0.04372443102470124,1.0,0.0,69.60389581133701,-10.023653412103453,14505.822356216451,177.236471077517,-0.2762817506196476,7.21443395210731,1.0,14501.78662884384,0.0,1.0,181.33685917700365,3404.9983537812254,1.0,1.0,0.05427760456933768,20.968226518243377,0.024581835224760276,-43.13892465679651,0.0,0.0,1.0,-0.04952645340959745,4.406924099019088
0.6,0.6,1.0,25.067931926867033,0.01733662082518371,1.1019267381602007,-0.0059939284980820694,0.0731785318094907,-0.0012153869831135462,25.092145268683854,0.07343365619490483,1.0,0.0,98.2061730291294,-0.8999799510570993,14510.073255160074,182.22070614701823,0.3009528389527853,5.618889747220141,1.0,14508.531388769874,0.0,1.0,181.54987037407136,3455.4825201338367,1.0,1.0,0.05427760456933768,20.968226518243377,0.024581835224760276,-43.13892465679651,0.0,0.0,1.0,-0.04952645340959745,4.406924099019088
0.64,0.64,1.0,25.286012334894373,-0.06926739674205176,1.1863675822990183,-0.0006871492332895192,0.04062919435501212,0.0024451031505412536,25.313922766197496,0.04070850202872792,1.0,0.0,98.2061730291294,-0.8999799510570993,14510.073255160074,182.22070614701823,0.3009528389527853,5.618889747220141,1.0,14509.325399123485,0.0,1.0,183.3579138002023,3504.2831115619424,1.0,1.0,-0.855629222658691,21.22042919773791,0.008291052627199655,-43.07576295399679,0.0,0.0,1.0,0.006915726090833276,4.407414140888496
0.68,0.68,1.0,25.54461171263706,-0.04168706322690143,1.2098565569186637,0.002014445715824742,-0.008397152748838179,-0.00020313654011118204,25.573280553127205,0.008637790821920474,1.0,0.0,98.2061730291294,-0.8999799510570993,14510.073255160074,182.22070614701823,0.3009528389527853,5.618889747220141,1.0,14510.954301648306,0.0,1.0,183.8573264006843,3553.1434833938038,1.0,1.0,-0.855629222658691,21.22042919773791,0.008291052627199655,-43.07576295399679,0.0,0.0,1.0,0.006915726090833276,4.407414140888496
0.72,0.72,1.0,25.69693918520863,-0.007611917963291339,1.3642986854087813,-0.0017002863529614084,-0.00791440430780601,0.0021748305269490838,25.73313141326982,0.008382043727542511,1.0,0.0,98.2061730291294,-0.8999799510570993,14510.073255160074,182.22070614701823,0.3009528389527853,5.618889747220141,1.0,14506.664696645126,0.0,1.0,184.46708351917175,3541.1994890279207,1.0,1.0,0.8756401447471279,21.24988760791991,-0.03502009456010383,-43.07533748362795,0.0,0.0,1.0,-0.2517459631466969,3.7564924376000186
0.76,0.76,1.0,25.938097773582875,0.02249582990040733,1.428790374225147,-0.0030084665662428673,0.02677163171668881,0.0033503430799876836,25.97742989804392,0.02714766904557076,1.0,0.0,98.2061730291294,-0.8999799510570993,14510.073255160074,182.22070614701823,0.3009528389527853,5.618889747220141,1.0,14502.212253602018,0.0,1.0,185.8950391131856,3622.5083864583207,1.0,1.0,0.8756401447471279,21.24988760791991,-0.03502009456010383,-43.07533748362795,0.0,0.0,1.0,-0.2517459631466969,3.7564924376000186
0.8,0.8,1.0,26.17513299653373,0.0416055013207252,1.4394737088883678,-0.0021384238186860785,0.048513750983135324,-0.0021487229052000634,26.214717297017526,0.04860837274590993,1.0,0.0,148.16267403285156,2.3593000228182355,14505.670800729054,187.16860993904433,-0.06805753574152172,4.3794160787127865,1.0,14500.793777107678,0.0,1.0,187.56720315605656,3708.2300329991485,1.0,1.0,1.875768927168171,21.370420813878077,-0.02334473854944351,-43.03085985626747,0.0,0.0,1.0,-0.2538184740447178,3.791761724387162
0.84,0.84,1.0,26.35306771031426,-0.015908370633943902,1.2946503475044229,0.0022244538956223423,0.038746935116830854,0.0006162688898660338,26.38485456361201,0.038815627824708265,1.0,0.0,148.16267403285156,2.3593000228182355,14505.670800729054,187.16860993904433,-0.06805753574152172,4.3794160787127865,1.0,14507.540038428517,0.0,1.0,187.65986436840126,3774.1424680345913,1.0,1.0,1.875768927168171,21.370420813878077,-0.02334473854944351,-43.03085985626747,0.0,0.0,1.0,-0.2538184740447178,3.791761724387162
0.88,0.88,1.0,26.608357385028864,-0.056846211253428466,1.467629942921173,0.0017378955623530748,0.006786689988617044,0.00043196713933973935,26.648862112114895,0.007018976962258152,1.0,0.0,148.16267403285156,2.3593000228182355,14505.670800729054,187.16860993904433,-0.06805753574152172,4.3794160787127865,1.0,14502.340802958539,0.0,1.0,188.9700155882278,3767.4620724941847,1.0,1.0,1.3410760508621564,21.445494764582026,0.0059233228732307195,-43.00492601421853,0.0,0.0,1.0,-0.08181619588055228,3.5813945070842754
0.92,0.92,1.0,26.70590722471842,0.015705542704126604,1.5676586096055616,0.0009516298735982592,-9.379215221164703e-05,-0.00012983215546151625,26.751883688361264,0.0009650143899097645,1.0,0.0,148.16267403285156,2.3593000228182355,14505.670800729054,187.16860993904433,-0.06805753574152172,4.3794160787127865,1.0,14504.661851298215,0.0,1.0,189.90616322982117,3772.5398315094417,1.0,1.0,1.3410760508621564,21.445494764582026,0.0059233228732307195,-43.00492601421853,0.0,0.0,1.0,-0.08181619588055228,3.5813945070842754
0.96,0.96,1.0,26.99356515154231,0.01231926051938102,1.600152312881969,-0.00011778920603343397,0.025223752726875756,-0.00032030735832690285,27.040954102604452,0.025226061379601622,1.0,0.0,148.16267403285156,2.3593000228182355,14505.670800729054,187.16860993904433,-0.06805753574152172,4.3794160787127865,1.0,14502.82253157395,0.0,1.0,191.35250796896614,3784.7674225250844,1.0,1.0,-0.8779208712999178,21.373572181512138,0.0008456021625410988,-42.95237747811639,0.0,0.0,1.0,0.032433043219334025,3.4954991624571217
1.0,1.0,1.0,27.16718391170268,-0.033528278752470886,1.5909745592240518,0.0031122155606933886,0.037001308754941654,-0.0004537801906851138,27.213750309096525,0.03713473645707213,1.0,0.0,178.01169116476527,3.1000170917265457,14499.872869622648,192.2517548912019,-0.09427000198388218,2.920032741113127,1.0,14512.232687256283,0.0,1.0,193.2089553080548,3843.554363240068,1.0,1.0,-0.8779208712999178,21.373572181512138,0.0008456021625410988,-42.95237747811639,0.0,0.0,1.0,0.032433043219334025,3.4954991624571217
1.04,1.04,1.0,27.184760169019302,0.08209940488310168,1.633719176356928,0.0037072856089737606,0.02840024943649118,-0.000717315906609876,27.23393038300893,0.028650177604184184,1.0,0.0,178.01169116476527,3.1000170917265457,14499.872869622648,192.2517548912019,-0.09427000198388218,2.920032741113127,1.0,14507.078084068204,0.0,1.0,193.42792806287335,3858.046773429814,1.0,1.0,1.2892820476969535,21.591477222009097,0.14268177879962665,-42.918108462514105,0.0,0.0,1.0,0.23310546971279078,3.5215024121433984
1.08,1.08,1.0,27.14636377099713,-0.02502519049099016,1.6281366562665909,-0.00013210453407288853,0.013249206281709235,0.0024575524751704702,27.19515620876158,0.013475848131803156,1.0,0.0,178.01169116476527,3.1000170917265457,14499.872869622648,192.2517548912019,-0.09427000198388218,2.920032741113127,1.0,14505.258886997372,0.0,1.0,194.1947312791443,3934.099788140877,1.0,1.0,1.2892820476969535,21.591477222009097,0.14268177879962665,-42.918108462514105,0.0,0.0,1.0,0.23310546971279078,3.5215024121433984
1.12,1.12,1.0,27.154197061930425,-0.031040520587644428,1.8066568278754853,-0.0012480854341916556,0.00327754636502352,0.0007666112545257264,27.21424976893132,0.0035899471084524033,1.0,0.0,178.01169116476527,3.1000170917265457,14499.872869622648,192.2517548912019,-0.09427000198388218,2.920032741113127,1.0,14505.609691206086,0.0,1.0,195.82710101885561,3995.0204663764753,1.0,1.0,0.19740921746118686,21.655514765521158,-0.04420177874997674,-42.897941198572674,0.0,0.0,1.0,0.367103914393271,2.7799937574654425
1.16,1.16,1.0,27.07830354967882,0.018587537060100173,1.7602209673206617,-4.472625110210913e-05,0.024191604376771505,0.0019237495489914302,27.13546105152588,0.02426801465070871,1.0,0.0,178.01169116476527,3.1000170917265457,14499.872869622648,192.2517548912019,-0.09427000198388218,2.920032741113127,1.0,14508.78146761297,0.0,1.0,196.3061851850473,4046.165717415615,1.0,1.0,0.19740921746118686,21.655514765521158,-0.04420177874997674,-42.897941198572674,0.0,0.0,1.0,0.367103914393271,2.7799937574654425
1.2,1.2,1.0,27.146607000089165,0.06306482018866198,1.7965389332839712,-0.00013216227888778834,0.034920823072749484,-0.0001943358016607929,27.206061841575686,0.03492161389956141,1.0,0.0,203.6681705702399,-1.170508952334346,14490.377471366146,197.88645887893566,0.024909568298184238,1.7534748008114314,1.0,14505.006280463218,0.0,1.0,198.33660211317297,4106.016687298177,1.0,1.0,0.07279488918118421,21.684796369051707,0.026940747801058023,-42.81309788954548,0.0,0.0,1.0,0.1718013532083167,3.229784209225203
1.24,1.24,1.0,27.040521550326364,-0.011605378712605174,1.8801607474827593,0.0015865455449370655,0.02427982684603652,-0.002376536093496108,27.105810167468793,0.024447393362961315,1.0,0.0,203.6681705702399,-1.170508952334346,14490.377471366146,197.88645887893566,0.024909568298184238,1.7534748008114314,1.0,14514.029879185997,0.0,1.0,198.7454628242968,4116.773456494077,1.0,1.0,0.07279488918118421,21.684796369051707,0.026940747801058023,-42.81309788954548,0.0,0.0,1.0,0.1718013532083167,3.229784209225203
1.28,1.28,1.0,27.110489855273006,-0.060961590163669074,1.9019979451708378,0.0015267865395474582,0.008080502346800031,0.0010425452223271436,27.177195820977737,0.0082893000823098,1.0,0.0,203.6681705702399,-1.170508952334346,14490.377471366146,197.88645887893566,0.024909568298184238,1.7534748008114314,1.0,14516.984764776595,0.0,1.0,199.74550302451783,4228.145877577662,1.0,1.0,0.6404825376029071,21.759290595446558,-0.006569877914700802,-42.82598147006079,0.0,0.0,1.0,-0.2581612528338506,3.21721011122564
1.32,1.32,1.0,27.06377312639827,-0.048400960677325945,2.0236695493849743,0.001302129741937797,0.010177551169390718,0.0007422440657022214,27.139369869900438,0.010287323068878295,1.0,0.0,203.6681705702399,-1.170508952334346,14490.377471366146,197.88645887893566,0.024909568298184238,1.7534748008114314,1.0,14501.842350763658,0.0,1.0,201.47971204851441,4252.529059664739,1.0,1.0,0.6404825376029071,21.759290595446558,-0.006569877914700802,-42.82598147006079,0.0,0.0,1.0,-0.2581612528338506,3.21721011122564
1.36,1.36,1.0,27.02167805033577,0.030057852415360995,2.0342984779918005,0.0020406099943563478,0.023903913187309857,5.270512958780247e-05,27.098161532252504,0.023990913543385502,1.0,0.0,203.6681705702399,-1.170508952334346,14490.377471366146,197.88645887893566,0.024909568298184238,1.7534748008114314,1.0,14501.212214137246,0.0,1.0,201.61113538713886,4305.378578968826,1.0,1.0,0.4496114075270781,21.81145304720201,0.001867540974892284,-42.66415370290356,0.0,0.0,1.0,-0.1880086816993715,3.171550374936037
1.4000000000000001,1.4000000000000001,1.0,26.951372824440533,0.04207196727651356,2.1296874601032028,0.0016619201671743207,0.031231489074846734,-0.0006038918680256584,27.035418174131188,0.03128150530045827,1.0,0.0,264.8293752197225,-5.845487490206498,14510.858431585997,203.1210855700197,0.1921698435681847,0.47834366731150635,1.0,14510.469390170612,0.0,1.0,203.8675717287492,4303.566889625643,1.0,1.0,0.4496114075270781,21.81145304720201,0.001867540974892284,-42.66415370290356,0.0,0.0,1.0,-0.1880086816993715,3.171550374936037
1.44,1.44,1.0,27.01649192816791,-0.04189316331380954,2.1492103758231242,5.767135212377379e-05,0.02093753812902398,0.0008853857706450552,27.10187625205015,0.02095632927905194,1.0,0.0,264.8293752197225,-5.845487490206498,14510.858431585997,203.1210855700197,0.1921698435681847,0.47834366731150635,1.0,14510.712035627732,0.0,1.0,203.23973223696794,4413.004043266464,1.0,1.0,-0.7228401792152889,21.87382643327604,0.012489665515090165,-42.749450651749505,0.0,0.0,1.0,0.23839887152304504,2.64211682410957
1.48,1.48,1.0,27.004298067455125,-0.0007915695423767858,2.198080570306961,-0.001742731707386641,0.005821114353242137,0.0040572720446763804,27.09360944828326,0.007306431588810289,1.0,0.0,264.8293752197225,-5.845487490206498,14510.858431585997,203.1210855700197,0.1921698435681847,0.47834366731150635,1.0,14515.655712518097,0.0,1.0,206.10544556502091,4477.123947687559,1.0,1.0,-0.7228401792152889,21.87382643327604,0.012489665515090165,-42.749450651749505,0.0,0.0,1.0,0.23839887152304504,2.64211682410957
1.52,1.52,1.0,27.026488907526087,0.07438448794048194,2.2315752555872153,0.0018376203390066319,0.012810047656063531,-0.0034293606704669704,27.118564929620188,0.013387855842856065,1.0,0.0,264.8293752197225,-5.845487490206498,14510.858431585997,203.1210855700197,0.1921698435681847,0.47834366731150635,1.0,14505.216627948483,0.0,1.0,206.85851987123246,4495.116361698162,1.0,1.0,-0.5018245254092427,21.905645472800554,0.0487662324654304,-42.694998833198916,0.0,0.0,1.0,0.15030151754214735,2.5323340961499277
1.56,1.56,1.0,26.972065369481186,-0.012616271786481273,2.273905415188185,-0.0024485258041474366,0.02516160691075858,-0.0024013633030982827,27.06775046624862,0.025394256962127812,1.0,0.0,264.8293752197225,-5.845487490206498,14510.858431585997,203.1210855700197,0.1921698435681847,0.47834366731150635,1.0,14507.307918468749,0.0,1.0,207.62772544115953,4453.9678726443235,1.0,1.0,-0.5018245254092427,21.905645472800554,0.0487662324654304,-42.694998833198916,0.0,0.0,1.0,0.15030151754214735,2.5323340961499277
1.6,1.6,1.0,26.952272083535856,-0.03921739523203313,2.3293455117024564,0.001103780625103049,0.02662504013187992,0.00200183697088942,27.052769894817118,0.026722994685300316,1.0,0.0,299.7873763548449,-4.72072954752664,14505.49264554348,208.70618426575462,-0.12159663982096436,-0.9860932632773265,1.0,14502.13449624043,0.0,1.0,208.87373606838605,4578.971010141513,1.0,1.0,-0.4377004259237133,22.034255881612506,-0.03747383020246067,-42.71258540640518,0.0,0.0,1.0,-0.18094491096081344,2.9689286924105613
1.6400000000000001,1.6400000000000001,1.0,27.008779943471687,0.04026510505641589,2.309225015498574,0.0006237810617358748,0.011414677965575484,-0.0013362094417628157,27.10734836692383,0.011509536547708204,1.0,0.0,299.7873763548449,-4.72072954752664,14505.49264554348,208.70618426575462,-0.12159663982096436,-0.9860932632773265,1.0,14506.662306272294,0.0,1.0,209.98814211355352,4752.118772579679,1.0,1.0,-0.4377004259237133,22.034255881612506,-0.03747383020246067,-42.71258540640518,0.0,0.0,1.0,-0.18094491096081344,2.9689286924105613
1.68,1.68,1.0,27.006993568363608,-0.0018989004931677046,2.4540044582547713,0.0005965412209964411,0.010232882335085392,0.0022973247630307587,27.118256638076694,0.010504543939595138,1.0,0.0,299.7873763548449,-4.72072954752664,14505.49264554348,208.70618426575462,-0.12159663982096436,-0.9860932632773265,1.0,14510.389765807717,0.0,1.0,210.64085655384503,4665.683617982026,1.0,1.0,-0.5897495294349937,21.99325186002407,-0.016283785133589287,-42.67561537221782,0.0,0.0,1.0,0.45317038481678895,2.985664358603295
1.72,1.72,1.0,26.890416549491356,-0.0367311266594899,2.5590294491911854,-0.0006920061442557684,0.013423090992274674,0.0010391052560190523,27.011932235637126,0.01348102310745218,1.0,0.0,299.7873763548449,-4.72072954752664,14505.49264554348,208.70618426575462,-0.12159663982096436,-0.9860932632773265,1.0,14510.263060462245,0.0,1.0,211.53343691908307,4638.316789218846,1.0,1.0,-0.5897495294349937,21.99325186002407,-0.016283785133589287,-42.67561537221782,0.0,0.0,1.0,0.45317038481678895,2.985664358603295
1.76,1.76,1.0,26.907569512372664,0.04332972376622677,2.4751491991429084,-0.002327921180005477,0.023574100990750198,0.00029492113448892614,27.02120534110472,0.023690597987766703,1.0,0.0,299.7873763548449,-4.72072954752664,14505.49264554348,208.70618426575462,-0.12159663982096436,-0.9860932632773265,1.0,14505.643738022838,0.0,1.0,212.72695927315033,4771.976776672426,1.0,1.0,0.14564406546944647,22.070538039470147,-0.0024987805230685754,-42.66248375696786,0.0,0.0,1.0,-0.5047301191530814,2.7491791594019444
1.8,1.8,1.0,26.924584101705165,0.08798612994934507,2.498735765581834,0.0034790757940642396,0.020416204706702707,-0.0007970427138126827,27.04042623619413,0.020725845220267262,1.0,0.0,348.42030508685895,3.57184111878229,14504.175075404988,213.8655077447624,-0.33674699934019636,-1.7620843280272123,1.0,14515.28984735734,0.0,1.0,212.9069352022735,4762.000466845255,1.0,1.0,0.14564406546944647,22.070538039470147,-0.0024987805230685754,-42.66248375696786,0.0,0.0,1.0,-0.5047301191530814,2.7491791594019444
1.84,1.84,1.0,26.829629037710806,0.05067503863304672,2.6257732758808694,0.00011627998705808482,0.008293547537370547,0.0020107949319641523,26.957860589391093,0.008534620556792669,1.0,0.0,348.42030508685895,3.57184111878229,14504.175075404988,213.8655077447624,-0.33674699934019636,-1.7620843280272123,1.0,14510.351725328212,0.0,1.0,214.85238967226618,4861.977948425402,1.0,1.0,-0.5527947429352299,22.092554642140186,0.021473861929088452,-42.59341677732044,0.0,0.0,1.0,-0.4159999661909108,2.1062635892234938
1.8800000000000001,1.8800000000000001,1.0,26.87429311398221,-0.018203625673627325,2.7408986199483616,-0.0016895846284310505,0.0063292031273220455,0.00113902791639127,27.01370924166198,0.006649127238807533,1.0,0.0,348.42030508685895,3.57184111878229,14504.175075404988,213.8655077447624,-0.33674699934019636,-1.7620843280272123,1.0,14504.299963017856,0.0,1.0,216.00485802951704,4851.448333519599,1.0,1.0,-0.5527947429352299,22.092554642140186,0.021473861929088452,-42.59341677732044,0.0,0.0,1.0,-0.4159999661909108,2.1062635892234938
1.92,1.92,1.0,26.810969084122416,-0.12563838697604038,2.7457024745558702,-0.002877941416211166,0.019300014030993434,-0.002144353609110162,26.951488461916757,0.019630877229318885,1.0,0.0,348.42030508685895,3.57184111878229,14504.175075404988,213.8655077447624,-0.33674699934019636,-1.7620843280272123,1.0,14504.799954537657,0.0,1.0,216.46405982549499,4933.459387476294,1.0,1.0,-0.3106435661663701,22.129303493018988,-0.02144746903739673,-42.65352100312553,0.0,0.0,1.0,0.22729601919354392,2.8465812046256347
1.96,1.96,1.0,26.799534027616044,0.01972519521005072,2.8315633255423154,-0.0032490498279123983,0.021538757218914625,-0.0011535711782778358,26.948713587984727,0.02181295747446819,1.0,0.0,348.42030508685895,3.57184111878229,14504.175075404988,213.8655077447624,-0.33674699934019636,-1.7620843280272123,1.0,14509.930395638337,0.0,1.0,218.3687189448601,4998.670577659609,1.0,1.0,-0.3106435661663701,22.129303493018988,-0.02144746903739673,-42.65352100312553,0.0,0.0,1.0,0.22729601919354392,2.8465812046256347
2.0,2.0,1.0,26.796112468729373,-0.03135772206306502,2.841502031859681,-0.0002586214643303276,0.012771471918868913,-0.0005565016390608708,26.946368225432337,0.012786206400279443,1.0,0.0,386.9891901824653,5.202099602332095,14508.90555834548,219.50059795390732,0.018030822379456763,-3.3345071308652634,1.0,14504.347130561015,0.0,1.0,219.32684459067215,5019.7145081906765,1.0,1.0,1.0238448525945218,22.27256896067502,-0.025238714016482977,-42.48134700851761,0.0,0.0,1.0,-0.22998493593489877,1.7572037068019029
2.04,2.04,1.0,26.77498608870821,0.009331653982824754,2.8715863614885118,-0.0013243203864896727,0.001580856457787903,-0.0011128556946318428,26.928534593656803,0.0023433692460379336,1.0,0.0,386.9891901824653,5.202099602332095,14508.90555834548,219.50059795390732,0.018030822379456763,-3.3345071308652634,1.0,14508.864417420988,0.0,1.0,220.4251809184472,5109.097735587941,1.0,1.0,1.0238448525945218,22.27256896067502,-0.025238714016482977,-42.48134700851761,0.0,0.0,1.0,-0.22998493593489877,1.7572037068019029
2.08,2.08,1.0,26.739726201440813,-0.037323679271106205,2.9814561063751146,-0.0010772532715467979,0.012706652984383877,0.0031027324918994317,26.90545355312369,0.013124269640360883,1.0,0.0,386.9891901824653,5.202099602332095,14508.90555834548,219.50059795390732,0.018030822379456763,-3.3345071308652634,1.0,14502.048488889573,0.0,1.0,222.0050628460514,5139.968892301324,1.0,1.0,-0.26365015607418363,22.280961572857397,-0.026260898392294865,-42.5008092590927,0.0,0.0,1.0,-0.8144371568954659,2.695702339830841
2.12,2.12,1.0,26.775523297880287,0.05556593770714595,3.000980908154052,0.002166408113966731,0.019158479679888,0.001098284471014144,26.94322961079218,0.019311833070431536,1.0,0.0,386.9891901824653,5.202099602332095,14508.90555834548,219.50059795390732,0.018030822379456763,-3.3345071308652634,1.0,14506.084692325183,0.0,1.0,222.8588461139693,5202.215895223635,1.0,1.0,-0.26365015607418363,22.280961572857397,-0.026260898392294865,-42.5008092590927,0.0,0.0,1.0,-0.8144371568954659,2.695702339830841
2.16,2.16,1.0,26.70148772446783,0.024302335866765664,3.1072123461169108,-0.00040786531302324126,0.01792383427384942,-0.00023574685918672703,26.881681604157436,0.01793002414308478,1.0,0.0,386.9891901824653,5.202099602332095,14508.90555834548,219.50059795390732,0.018030822379456763,-3.3345071308652634,1.0,14505.02441947503,0.0,1.0,224.13362074266024,5239.436167035085,1.0,1.0,-2.753498157607498,22.289333534099157,0.004278258559991774,-42.45693411099444,0.0,0.0,1.0,0.1345195239461923,2.3749782781012203
2.2,2.2,1.0,26.66820601520771,-0.008943973558833838,3.163639211031841,-0.001980562908143919,0.0033398160118406086,0.002842020302488393,26.855202570857696,0.0048118686417875775,1.0,0.0,431.6618189991712,0.9824591276232669,14500.279373433232,224.80715647516286,0.3161770666188828,-4.17497544169564,1.0,14507.15766469433,0.0,1.0,225.0235371248376,5311.726927917098,1.0,1.0,-2.753498157607498,22.289333534099157,0.004278258559991774,-42.45693411099444,0.0,0.0,1.0,0.1345195239461923,2.3749782781012203
2.24,2.24,1.0,26.62399804027905,0.02583246001017342,3.2254285810101977,0.0018275008298490594,0.003488777185690123,0.0009033279307342422,26.81867499515907,0.004040708710725818,1.0,0.0,431.6618189991712,0.9824591276232669,14500.279373433232,224.80715647516286,0.3161770666188828,-4.17497544169564,1.0,14500.10435231567,0.0,1.0,226.1160195768544,5290.946231241605,1.0,1.0,0.48882795498473625,22.331479057920408,-0.04125906303333317,-42.47081625441831,0.0,0.0,1.0,-0.31925629917746534,2.614957375255401
2.2800000000000002,2.2800000000000002,1.0,26.64777470445841,-0.0010545337900223918,3.199412144893024,0.000640769350349159,0.01760707209899436,0.0019225311408097362,26.83915303962672,0.017723309489113926,1.0,0.0,431.6618189991712,0.9824591276232669,14500.279373433232,224.80715647516286,0.3161770666188828,-4.17497544169564,1.0,14511.956758791097,0.0,1.0,226.53860574841576,5400.019315682895,1.0,1.0,0.48882795498473625,22.331479057920408,-0.04125906303333317,-42.47081625441831,0.0,0.0,1.0,-0.31925629917746534,2.614957375255401
2.32,2.32,1.0,26.607669356014757,-0.0021255426480979783,3.32185221829671,-0.001221833303950927,0.024502274223658183,0.001346855301101926,26.814227104974346,0.024569662959757797,1.0,0.0,431.6618189991712,0.9824591276232669,14500.279373433232,224.80715647516286,0.3161770666188828,-4.17497544169564,1.0,14514.096948057522,0.0,1.0,227.81735758254197,5437.380353303255,1.0,1.0,0.08295295909956021,22.40701708617647,0.06961810462545165,-42.442193882844784,0.0,0.0,1.0,0.16271025672814457,2.0066368144176883
2.36,2.36,1.0,26.567333667117204,0.050812556665404005,3.312080452981119,0.0007536726618691541,0.009069420447516963,0.0006737164990266755,26.7730401154384,0.009125585113084447,1.0,0.0,431.6618189991712,0.9824591276232669,14500.279373433232,224.80715647516286,0.3161770666188828,-4.17497544169564,1.0,14507.574021566157,0.0,1.0,228.72354773193638,5530.765528008411,1.0,1.0,0.08295295909956021,22.40701708617647,0.06961810462545165,-42.442193882844784,0.0,0.0,1.0,0.16271025672814457,2.0066368144176883
2.4,2.4,1.0,26.556240558630158,-0.05932689623349379,3.4695226512945974,0.0013864998138556795,-0.0011147696590945208,-0.0005387356978552423,26.781990585397054,0.001858851602146638,1.0,0.0,479.168454206095,6.515715031239981,14496.089988272677,230.0355189147525,0.04360444195591789,-5.490600477577473,1.0,14510.62861381596,0.0,1.0,229.8098556855665,5602.9121925449335,1.0,1.0,-0.9718278307432127,22.400217725974468,-0.0667368829927928,-42.48539479413709,0.0,0.0,1.0,-0.06541509704264097,2.2790500213926452
2.44,2.44,1.0,26.5703265815968,-0.06927404956318277,3.474101846739629,-0.004707508076612011,0.016039166470966017,-0.0035036957289953656,26.79657510183292,0.017078974709744968,1.0,0.0,479.168454206095,6.515715031239981,14496.089988272677,230.0355189147525,0.04360444195591789,-5.490600477577473,1.0,14498.614755186623,0.0,1.0,231.31031263184556,5599.222787988598,1.0,1.0,-0.9718278307432127,22.400217725974468,-0.0667368829927928,-42.48539479413709,0.0,0.0,1.0,-0.06541509704264097,2.2790500213926452
2.48,2.48,1.0,26.514013755993147,0.0441980558762528,3.522268170746253,0.000426335958781526,0.020857007779140613,-0.002465872491128719,26.74698584864824,0.021006595702097654,1.0,0.0,479.168454206095,6.515715031239981,14496.089988272677,230.0355189147525,0.04360444195591789,-5.490600477577473,1.0,14509.052035198816,0.0,1.0,232.05719107008895,5642.749784133523,1.0,1.0,-0.6819656050385632,22.452396988194803,0.047809818070674026,-42.38331384973201,0.0,0.0,1.0,-0.5823263724081379,2.0558218139699114
2.52,2.52,1.0,26.512660991077837,-0.04689268434528909,3.48735008998932,-0.0003970096166505065,0.011583015777522902,0.001763767969835208,26.741073321798698,0.01172325673989417,1.0,0.0,479.168454206095,6.515715031239981,14496.089988272677,230.0355189147525,0.04360444195591789,-5.490600477577473,1.0,14499.880104337264,0.0,1.0,233.19528365904645,5714.5777697740195,1.0,1.0,-0.6819656050385632,22.452396988194803,0.047809818070674026,-42.38331384973201,0.0,0.0,1.0,-0.5823263724081379,2.0558218139699114
2.56,2.56,1.0,26.501753598522118,-0.010919555675168181,3.6876715707917094,-0.004045715377268412,-0.006269736215811399,7.176439037553493e-05,26.757092230799323,0.007462074460728002,1.0,0.0,479.168454206095,6.515715031239981,14496.089988272677,230.0355189147525,0.04360444195591789,-5.490600477577473,1.0,14502.402208062644,0.0,1.0,233.926910981061,5715.708486760051,1.0,1.0,-0.2718868449665738,22.47955684112696,0.06408661370859216,-42.35145537332367,0.0,0.0,1.0,-0.029839003841576492,2.311100415865147
2.6,2.6,1.0,26.45332121355833,0.07717967325929875,3.770439287796205,-0.00019850172323039077,0.011657226766815014,-0.0016347131062875958,26.720785399247095,0.011772961639576605,1.0,0.0,522.1590297144422,4.503432607252925,14506.15315101014,235.04845014196584,0.036850614960082545,-6.191553367897808,1.0,14499.563207349473,0.0,1.0,235.4930095024743,5722.865947560426,1.0,1.0,-0.2718868449665738,22.47955684112696,0.06408661370859216,-42.35145537332367,0.0,0.0,1.0,-0.029839003841576492,2.311100415865147
2.64,2.64,1.0,26.42324986737287,-0.05931209676547658,3.7686115025224787,0.002227185524053325,0.027862547588813832,-0.0011112458132737763,26.69071157042067,0.02797350140320276,1.0,0.0,522.1590297144422,4.503432607252925,14506.15315101014,235.04845014196584,0.036850614960082545,-6.191553367897808,1.0,14505.338248113101,0.0,1.0,236.75374846459565,5743.742317310127,1.0,1.0,1.195757194914078,22.59175436619395,0.028811628387503944,-42.38623620237975,0.0,0.0,1.0,0.06142492001479758,1.2696276663713584
2.68,2.68,1.0,26.443421500421305,0.06773240044511453,3.775148754202772,0.0028487120418152503,0.012830531349931779,0.003012013055316213,26.711624369239928,0.013483690802749844,1.0,0.0,522.1590297144422,4.503432607252925,14506.15315101014,235.04845014196584,0.036850614960082545,-6.191553367897808,1.0,14494.374830327952,0.0,1.0,237.66930893227354,5876.448106690014,1.0,1.0,1.195757194914078,22.59175436619395,0.028811628387503944,-42.38623620237975,0.0,0.0,1.0,0.06142492001479758,1.2696276663713584
2.72,2.72,1.0,26.323281025779828,0.03202187215535467,3.9945048286798888,0.0021253509449528684,-0.012802969709655823,-7.496788108718124e-05,26.62465432994058,0.012978396288015375,1.0,0.0,522.1590297144422,4.503432607252925,14506.15315101014,235.04845014196584,0.036850614960082545,-6.191553367897808,1.0,14504.786602684399,0.0,1.0,238.02428148857564,5885.133778442119,1.0,1.0,-0.7927198490573568,22.475703645192965,-0.008257148168456439,-42.294386279749425,0.0,0.0,1.0,-0.025110456462002613,1.793953016776829
2.7600000000000002,2.7600000000000002,1.0,26.436845455589385,-0.0021240082688422364,4.071470959680226,0.0007672109124201012,-0.00011459650934218584,-0.002039666251745679,26.748526649698814,0.0021821969119674247,1.0,0.0,522.1590297144422,4.503432607252925,14506.15315101014,235.04845014196584,0.036850614960082545,-6.191553367897808,1.0,14507.939071055325,0.0,1.0,239.74754278966057,6042.160423699204,1.0,1.0,-0.7927198490573568,22.475703645192965,-0.008257148168456439,-42.294386279749425,0.0,0.0,1.0,-0.025110456462002613,1.793953016776829
2.8000000000000003,2.8000000000000003,1.0,26.294985141761373,0.005218190761288001,4.030056557588303,-0.004311052781826266,0.035115177888463266,0.00034032985573976583,26.602022981200637,0.03538045673301603,1.0,0.0,567.9157358659304,-2.7442798217251054,14497.45447650742,240.4518848351337,-0.336661701762928,-7.619654740524241,1.0,14499.557930047597,0.0,1.0,240.2647255864831,6009.786819368898,1.0,1.0,-1.048900212464882,22.590673977058216,-0.021694958498944844,-42.336632389582206,0.0,0.0,1.0,-0.22556650889395413,1.8614190110609266
2.84,2.84,1.0,26.319391120447392,0.009776643576666395,3.977884536636173,-0.002077820708936031,0.019754179492488585,0.0014223430034749859,26.61830216074372,0.019914015314332623,1.0,0.0,567.9157358659304,-2.7442798217251054,14497.45447650742,240.4518848351337,-0.336661701762928,-7.619654740524241,1.0,14507.238346507245,0.0,1.0,242.00570414271527,6124.883567751961,1.0,1.0,-1.048900212464882,22.590673977058216,-0.021694958498944844,-42.336632389582206,0.0,0.0,1.0,-0.22556650889395413,1.8614190110609266
2.88,2.88,1.0,26.269392015179925,0.04984368985143606,4.190660843473725,0.0018395398760121715,-0.023130762741344405,-0.004296270558447325,26.601599191508033,0.023598178587831448,1.0,0.0,567.9157358659304,-2.7442798217251054,14497.45447650742,240.4518848351337,-0.336661701762928,-7.619654740524241,1.0,14498.716010281438,0.0,1.0,242.6861651516552,6136.388054899246,1.0,1.0,0.6002589253583046,22.677940377238837,-0.012494784984274197,-42.30192394241872,0.0,0.0,1.0,-0.2654290514445181,1.748156183944789
2.92,2.92,1.0,26.24599561592575,-0.03334596605249394,4.341498094987054,0.0007752349501114198,-0.007793581304254046,-0.0011886871151586221,26.602669105437933,0.007921734395423555,1.0,0.0,567.9157358659304,-2.7442798217251054,14497.45447650742,240.4518848351337,-0.336661701762928,-7.619654740524241,1.0,14495.086673257283,0.0,1.0,244.1628142756092,6243.621397257303,1.0,1.0,0.6002589253583046,22.677940377238837,-0.012494784984274197,-42.30192394241872,0.0,0.0,1.0,-0.2654290514445181,1.748156183944789
2.96,2.96,1.0,26.24643432831106,-0.03239623447333465,4.350551682246661,0.005333739707932976,0.043377011204057674,-0.0015129191840678885,26.60457976375971,0.04372988457252599,1.0,0.0,567.9157358659304,-2.7442798217251054,14497.45447650742,240.4518848351337,-0.336661701762928,-7.619654740524241,1.0,14503.141586912863,0.0,1.0,244.34397295429613,6232.361412884084,1.0,1.0,1.2168476573990261,22.599638518972277,-0.03044897477984714,-42.31744593508629,0.0,0.0,1.0,-0.01959410908427266,1.6238089937413027
3.0,3.0,1.0,26.23976096105244,0.02543477889055996,4.280804899950287,0.0015962969850003737,0.028387371190226933,0.0015792781031255918,26.58666945694002,0.02847604478299364,1.0,0.0,625.4390763712613,-2.279000549709126,14502.872403773623,245.64250646086296,-0.16980942102249125,-8.432644139040471,1.0,14505.113434979168,0.0,1.0,245.7127448683357,6305.536505607608,1.0,1.0,1.2168476573990261,22.599638518972277,-0.03044897477984714,-42.31744593508629,0.0,0.0,1.0,-0.01959410908427266,1.6238089937413027
3.04,3.04,1.0,26.208132098817675,-0.008571146797055123,4.352205229110861,0.00047481900814659106,-0.037102499496554496,-1.71496165488728e-05,26.567046353140853,0.037105541581974946,1.0,0.0,625.4390763712613,-2.279000549709126,14502.872403773623,245.64250646086296,-0.16980942102249125,-8.432644139040471,1.0,14496.99951402698,0.0,1.0,246.74828090648796,6262.559249612208,1.0,1.0,-1.3176768269462686,22.71285450032299,-0.010865495067703124,-42.30763832458478,0.0,0.0,1.0,-0.025045771717528396,2.2571890332776654
3.08,3.08,1.0,26.21214641486384,0.017544344386933915,4.697441122818093,0.002428861683159635,-0.021339903102837787,0.0004447956190858829,26.629736772649892,0.021482287509880897,1.0,0.0,625.4390763712613,-2.279000549709126,14502.872403773623,245.64250646086296,-0.16980942102249125,-8.432644139040471,1.0,14504.636439366403,0.0,1.0,247.5464499064295,6440.937527554628,1.0,1.0,-1.3176768269462686,22.71285450032299,-0.010865495067703124,-42.30763832458478,0.0,0.0,1.0,-0.025045771717528396,2.2571890332776654
3.12,3.12,1.0,26.155820396851638,0.054727356006925944,4.639643970699159,0.001252128524519945,0.060662656304694376,-6.530913161998989e-05,26.564190781778027,0.060675612572647884,1.0,0.0,625.4390763712613,-2.279000549709126,14502.872403773623,245.64250646086296,-0.16980942102249125,-8.432644139040471,1.0,14509.108707197465,0.0,1.0,249.30658705470654,6541.497965649451,1.0,1.0,1.6433434741146629,22.654721904580253,-0.021686668197432576,-42.36130270509055,0.0,0.0,1.0,0.4370997649632534,1.950989692553833
3.16,3.16,1.0,26.188356731525285,0.06232454307153749,4.427543746264963,0.001356381129926487,0.04329471458894023,0.002041135588343802,26.560065065270166,0.043364020980502,1.0,0.0,625.4390763712613,-2.279000549709126,14502.872403773623,245.64250646086296,-0.16980942102249125,-8.432644139040471,1.0,14499.46153055453,0.0,1.0,250.1335047086684,6642.118524258059,1.0,1.0,1.6433434741146629,22.654721904580253,-0.021686668197432576,-42.36130270509055,0.0,0.0,1.0,0.4370997649632534,1.950989692553833
3.2,3.2,1.0,26.03335462353427,0.006906875102637384,4.655338314801217,0.0014991053478324052,-0.05838714792546518,-0.0011493062344199029,26.446318751101693,0.058417696501441484,1.0,0.0,664.463913541637,3.4569094297159464,14506.837801606222,251.09057132909746,-0.13095458462721551,-9.325940406166742,1.0,14494.635176312951,0.0,1.0,251.4177805140731,6678.375018760215,1.0,1.0,-0.8020993878944752,22.7216746111652,-0.07034457240411825,-42.23565926134551,0.0,0.0,1.0,0.5317679510565062,1.0222413929710548
3.24,3.24,1.0,26.041609050673078,-0.05107509351181665,4.959405374537328,-8.754458763207249e-05,-0.04028878652958638,0.0013491935418370566,26.509690912612786,0.04031146620125271,1.0,0.0,664.463913541637,3.4569094297159464,14506.837801606222,251.09057132909746,-0.13095458462721551,-9.325940406166742,1.0,14495.241943396268,0.0,1.0,252.3732426783219,6508.8619483172,1.0,1.0,-0.8020993878944752,22.7216746111652,-0.07034457240411825,-42.23565926134551,0.0,0.0,1.0,0.5317679510565062,1.0222413929710548
3.2800000000000002,3.2800000000000002,1.0,26.055872469106582,0.004739243417253117,4.819811567276316,-0.0022996570220907755,0.09519165309290316,-1.5604982631991307e-05,26.497907391543677,0.09521942808321394,1.0,0.0,664.463913541637,3.4569094297159464,14506.837801606222,251.09057132909746,-0.13095458462721551,-9.325940406166742,1.0,14501.683326989065,0.0,1.0,252.8205906724257,6740.947610437036,1.0,1.0,-0.740356698231406,22.72294933263606,-0.00808649597976032,-42.33447984826192,0.0,0.0,1.0,-0.09486680751131221,1.7333804669612154
3.3200000000000003,3.3200000000000003,1.0,26.077682990028563,-0.009181937724229821,4.544257526993872,0.00317159472379725,0.06134588907633376,-0.001800990826685214,26.470661323587024,0.06145421619071932,1.0,0.0,664.463913541637,3.4569094297159464,14506.837801606222,251.09057132909746,-0.13095458462721551,-9.325940406166742,1.0,14497.406594471813,0.0,1.0,254.13291952850454,6738.96727908284,1.0,1.0,-0.740356698231406,22.72294933263606,-0.00808649597976032,-42.33447984826192,0.0,0.0,1.0,-0.09486680751131221,1.7333804669612154
3.36,3.36,1.0,25.997624704115424,0.05714896502709776,4.937477104540685,-0.000575738727097849,-0.10726971518127998,-0.002008838243649968,26.46239664917181,0.10729006804566749,1.0,0.0,664.463913541637,3.4569094297159464,14506.837801606222,251.09057132909746,-0.13095458462721551,-9.325940406166742,1.0,14495.580336690553,0.0,1.0,255.5230500153334,6729.492454216813,1.0,1.0,0.332198780409719,22.82060721170837,0.03483554493793628,-42.20658452938589,0.0,0.0,1.0,-0.40198766784840967,1.6518304309447391
3.4,3.4,1.0,25.926304449845375,0.010094099512652952,5.435923150700109,0.0003492739554405217,-0.06453378267017647,0.0012603308237401582,26.490047656001572,0.06454703348569,1.0,0.0,723.3112374759797,-0.5566383451275277,14493.37679649427,256.08810680189976,0.21876907680071708,-10.226485023145447,1.0,14491.931358618885,0.0,1.0,255.88516284775974,6860.406291231382,1.0,1.0,0.332198780409719,22.82060721170837,0.03483554493793628,-42.20658452938589,0.0,0.0,1.0,-0.40198766784840967,1.6518304309447391
3.44,3.44,1.0,25.847501792267977,-0.0019023660914587008,5.107828631078048,0.0022351332902384117,0.16234968995091845,-6.1007193085893933e-05,26.347357853203302,0.1623650866715566,1.0,0.0,723.3112374759797,-0.5566383451275277,14493.37679649427,256.08810680189976,0.21876907680071708,-10.226485023145447,1.0,14493.341681181288,0.0,1.0,257.03071240434366,6998.724408136223,1.0,1.0,2.5313206052148485,22.78867259097602,0.016070938469974115,-42.29269106307512,0.0,0.0,1.0,-0.09077395151229199,1.9353849012940307
3.48,3.48,1.0,25.938762997628785,0.006455315471697212,4.530191385497245,0.0012130237207049865,0.08704713212325514,0.0030390808497459294,26.331390041307873,0.08710861409666511,1.0,0.0,723.3112374759797,-0.5566383451275277,14493.37679649427,256.08810680189976,0.21876907680071708,-10.226485023145447,1.0,14493.48048591414,0.0,1.0,257.9787964854265,7054.150443037698,1.0,1.0,2.5313206052148485,22.78867259097602,0.016070938469974115,-42.29269106307512,0.0,0.0,1.0,-0.09077395151229199,1.9353849012940307
3.52,3.52,1.0,25.892270107776632,-0.06635852955480538,5.266914628944092,-0.001367003943054864,-0.21074291824429636,-0.0005897087080788104,26.4226123707913,0.21074817685157538,1.0,0.0,723.3112374759797,-0.5566383451275277,14493.37679649427,256.08810680189976,0.21876907680071708,-10.226485023145447,1.0,14497.219618488289,0.0,1.0,259.6548405033397,7066.40775128832,1.0,1.0,-0.8197210580862828,22.81722119023128,0.028270861984047005,-42.2279037851478,0.0,0.0,1.0,0.06913398090220209,2.262622302380171
3.56,3.56,1.0,25.739207528586842,-0.006555565049608623,6.083888465291111,-0.0017093134350414324,-0.07971076357089932,-0.0010611404918017093,26.448450730301705,0.07973614989838902,1.0,0.0,723.3112374759797,-0.5566383451275277,14493.37679649427,256.08810680189976,0.21876907680071708,-10.226485023145447,1.0,14490.378483446733,0.0,1.0,259.9677311119182,7090.651146017156,1.0,1.0,-0.8197210580862828,22.81722119023128,0.028270861984047005,-42.2279037851478,0.0,0.0,1.0,0.06913398090220209,2.262622302380171
3.6,3.6,1.0,25.81379841603106,0.017228529403269525,5.274042408942485,-0.0020071554247959875,0.3103721151397095,-0.0024950398279698686,26.347068315412947,0.3103886334145301,1.0,0.0,763.4613144452969,-0.09366238549082458,14496.098544595596,261.2034460276107,0.027856919521483538,-10.622855323368588,1.0,14503.08141833663,0.0,1.0,261.61413329001954,7174.803644595392,1.0,1.0,0.5213997456682499,22.7890475242278,0.047244418420058366,-42.279142661177566,0.0,0.0,1.0,-0.2490437632817925,1.5353188368535227
3.64,3.64,1.0,25.88097923373178,-0.049663724980309895,4.316028552801273,-0.0014555804108358804,0.08215799043363363,-0.0021259750084939525,26.23843850252965,0.08219838122592309,1.0,0.0,763.4613144452969,-0.09366238549082458,14496.098544595596,261.2034460276107,0.027856919521483538,-10.622855323368588,1.0,14499.057363178508,0.0,1.0,262.3874333170842,7222.314811947699,1.0,1.0,0.5213997456682499,22.7890475242278,0.047244418420058366,-42.279142661177566,0.0,0.0,1.0,-0.2490437632817925,1.5353188368535227
3.68,3.68,1.0,25.722895465199205,-0.0569025625700685,5.857945763094926,0.0017659627746584481,-0.4191956005753737,0.0003643496584499221,26.3815488093204,0.41919947866969415,1.0,0.0,763.4613144452969,-0.09366238549082458,14496.098544595596,261.2034460276107,0.027856919521483538,-10.622855323368588,1.0,14492.225174334164,0.0,1.0,264.2116905882548,7311.0980444828,1.0,1.0,1.8452855126963252,22.779189254923438,0.028152810671935268,-42.204407705614024,0.0,0.0,1.0,-0.12081534434753252,2.0458936758421298
3.72,3.72,1.0,25.573475470266214,-0.01325092673421044,7.0675350064030695,0.0022990796984278796,-0.041694456667693405,0.0025692626457197013,26.532110249320535,0.041836761284982094,1.0,0.0,763.4613144452969,-0.09366238549082458,14496.098544595596,261.2034460276107,0.027856919521483538,-10.622855323368588,1.0,14490.429578664554,0.0,1.0,264.430267592498,7352.254257683931,1.0,1.0,1.8452855126963252,22.779189254923438,0.028152810671935268,-42.204407705614024,0.0,0.0,1.0,-0.12081534434753252,2.0458936758421298
3.7600000000000002,3.7600000000000002,1.0,25.73563009621275,0.015208737075051425,5.196292589787364,0.0010339889825016517,0.6018869342962421,0.0014987721947877456,26.2549870392932,0.6018896885043278,1.0,0.0,763.4613144452969,-0.09366238549082458,14496.098544595596,261.2034460276107,0.027856919521483538,-10.622855323368588,1.0,14495.377929588578,0.0,1.0,265.6110235063813,7400.6484527605035,1.0,1.0,-0.08901997136975334,22.936367990624632,-0.05804433012735944,-42.14696319712494,0.0,0.0,1.0,0.40112680537517953,1.424597595293294
3.8000000000000003,3.8000000000000003,1.0,25.89015588524447,0.07387211195140239,3.145284465183763,0.0005435237286555047,0.17294268972580543,-0.0019524333843813435,26.080614318265386,0.17295456439123041,1.0,0.0,825.1446384790506,1.3489450846153628,14497.666592019525,266.2565904085316,-0.24713589408384287,-11.654057006651318,1.0,14489.867183485256,0.0,1.0,266.670386292365,7565.332329272667,1.0,1.0,-0.08901997136975334,22.936367990624632,-0.05804433012735944,-42.14696319712494,0.0,0.0,1.0,0.40112680537517953,1.424597595293294
3.84,3.84,1.0,25.79303911938015,0.018957490986988464,4.984653903969146,0.0020920253146670775,-0.5984057518994961,-0.0007325872371264977,26.270287416446248,0.5984098571718036,1.0,0.0,825.1446384790506,1.3489450846153628,14497.666592019525,266.2565904085316,-0.24713589408384287,-11.654057006651318,1.0,14493.255031311322,0.0,1.0,267.82946632341043,7487.342342501526,1.0,1.0,1.9243504887093328,23.161907848101002,0.0010394310631968026,-41.98920767930147,0.0,0.0,1.0,-0.6957730088024753,1.1093224860489832
3.88,3.88,1.0,25.380145597872602,0.04672784888187608,8.08635502129658,-0.0015282877879024285,-0.5733688466229448,0.0022354223253927565,26.63725045104171,0.5733752410544612,1.0,0.0,825.1446384790506,1.3489450846153628,14497.666592019525,266.2565904085316,-0.24713589408384287,-11.654057006651318,1.0,14489.025572419388,0.0,1.0,269.053253453974,7538.653996760864,1.0,1.0,1.9243504887093328,23.161907848101002,0.0010394310631968026,-41.98920767930147,0.0,0.0,1.0,-0.6957730088024753,1.1093224860489832
3.92,3.92,1.0,25.229078423033553,0.04923617598297061,8.76949524207962,-0.0013725848186611118,0.19586166949099548,0.0006266825429613399,26.709789761011965,0.1958674814661536,1.0,0.0,825.1446384790506,1.3489450846153628,14497.666592019525,266.2565904085316,-0.24713589408384287,-11.654057006651318,1.0,14488.231054269601,0.0,1.0,270.00508276182296,7648.992197015526,1.0,1.0,-1.7449487114466906,21.84686297383853,0.017956434665668045,-42.66812908827977,0.0,0.0,1.0,0.15415034574385136,2.85284729496017
3.96,3.96,1.0,25.515161104736908,-0.004882550952777889,5.754032485597557,-0.0016710203643095244,0.9281118767475413,0.0028394033996411573,26.155923992191422,0.9281177243650545,1.0,0.0,825.1446384790506,1.3489450846153628,14497.666592019525,266.2565904085316,-0.24713589408384287,-11.654057006651318,1.0,14497.337420038679,0.0,1.0,270.0761629549685,7820.24164583876,1.0,1.0,-1.7449487114466906,21.84686297383853,0.017956434665668045,-42.66812908827977,0.0,0.0,1.0,0.15415034574385136,2.85284729496017
4.0,4.0,1.0,26.09793528687152,-0.08111236945859941,2.1632153513575334,-0.0011410837233270302,0.45732032137154754,0.0031657441579283465,26.18756014046673,0.4573327020315873,1.0,0.0,868.748283644553,3.5729625046960436,14491.770726954097,271.36122460356296,-0.1957257673268677,-12.503202909727731,1.0,14492.750640014201,0.0,1.0,271.60498731765426,7658.225217659997,1.0,1.0,-0.7464173656776686,24.01551331032311,-0.07066124103522413,-41.56316097321396,0.0,0.0,1.0,0.2732283722469435,-0.13299187306514804
4.04,4.04,1.0,26.000984453241337,0.009544685015309752,2.595686232391623,0.0002104956436379422,-0.30851400943372415,-0.000872081233240238,26.130229058615946,0.30851531380300296,1.0,0.0,868.748283644553,3.5729625046960436,14491.770726954097,271.36122460356296,-0.1957257673268677,-12.503202909727731,1.0,14495.194791781458,0.0,1.0,273.13798245563567,8111.689542527342,1.0,1.0,-0.7464173656776686,24.01551331032311,-0.07066124103522413,-41.56316097321396,0.0,0.0,1.0,0.2732283722469435,-0.13299187306514804
4.08,4.08,1.0,25.53094319018981,0.03151910237954649,6.186265063782243,-0.0020505705137503147,-0.9920925682045938,-0.0010615101311056653,26.269753121677542,0.9920952552703681,1.0,0.0,868.748283644553,3.5729625046960436,14491.770726954097,271.36122460356296,-0.1957257673268677,-12.503202909727731,1.0,14488.748270026952,0.0,1.0,273.29373538478785,7916.847114555961,1.0,1.0,0.21394760297270757,23.034680809804858,-0.030545095397866175,-42.13677043781706,0.0,0.0,1.0,0.06611444583003628,0.8985602842532744
4.12,4.12,1.0,25.045408876617312,-0.03919457029458048,10.040423514603805,-0.0039869374396233346,-0.3837032545193099,-0.001137398642094343,26.98303441727581,0.3837256531358424,1.0,0.0,868.748283644553,3.5729625046960436,14491.770726954097,271.36122460356296,-0.1957257673268677,-12.503202909727731,1.0,14483.572103404587,0.0,1.0,274.8761224196011,7865.841657474077,1.0,1.0,0.21394760297270757,23.034680809804858,-0.030545095397866175,-42.13677043781706,0.0,0.0,1.0,0.06611444583003628,0.8985602842532744
4.16,4.16,1.0,25.04192827596546,-0.04283597444442355,9.104712683478018,-0.0008261164080709746,0.3841542003447067,-0.0001388825691314628,26.64574637250739,0.3841551137225285,1.0,0.0,868.748283644553,3.5729625046960436,14491.770726954097,271.36122460356296,-0.1957257673268677,-12.503202909727731,1.0,14487.399662664096,0.0,1.0,275.24916437206565,7919.90417501962,1.0,1.0,0.25057743110548675,21.885495904759228,0.057223412742803084,-42.730725655414176,0.0,0.0,1.0,-0.15161574072764533,2.7577287253693803
4.2,4.2,1.0,25.474847866155574,-0.019238885352542433,5.712781724445039,0.0020110598867282216,0.8503327424814627,7.537539904712517e-05,26.107549080096238,0.8503351239243057,1.0,0.0,935.5135677078589,-4.978190887468631,14488.133614152352,276.4610357550587,-0.12803306832788064,-12.673473954951026,1.0,14489.15838113984,0.0,1.0,276.8235186119057,8004.085715415182,1.0,1.0,0.25057743110548675,21.885495904759228,0.057223412742803084,-42.730725655414176,0.0,0.0,1.0,-0.15161574072764533,2.7577287253693803
4.24,4.24,1.0,25.795207278602945,0.016739755954229392,2.9881500331460566,-0.003934072795109418,0.10266246486431342,-0.0003221948850970976,25.967711477642972,0.10273832016495886,1.0,0.0,935.5135677078589,-4.978190887468631,14488.133614152352,276.4610357550587,-0.12803306832788064,-12.673473954951026,1.0,14484.856130488994,0.0,1.0,277.96487092300947,8113.454673405347,1.0,1.0,-1.2602042416995005,23.748981616675447,0.021448542285332002,-41.82772578335075,0.0,0.0,1.0,0.06537686525202098,0.13790809244377428
4.28,4.28,1.0,25.541252650850474,0.010626450386613449,5.143483856866142,0.0005527594253276251,-0.658889635807479,-0.001301737858507131,26.054004031662135,0.6588911535594835,1.0,0.0,935.5135677078589,-4.978190887468631,14488.133614152352,276.4610357550587,-0.12803306832788064,-12.673473954951026,1.0,14487.085608037443,0.0,1.0,278.9848413129271,8134.933429286804,1.0,1.0,-1.2602042416995005,23.748981616675447,0.021448542285332002,-41.82772578335075,0.0,0.0,1.0,0.06537686525202098,0.13790809244377428
4.32,4.32,1.0,24.955726048759512,-0.045570040012944325,9.615958791196041,-0.004520845052198431,-0.8924073235672573,-0.00204371542656923,26.744289160926698,0.8924211147038187,1.0,0.0,935.5135677078589,-4.978190887468631,14488.133614152352,276.4610357550587,-0.12803306832788064,-12.673473954951026,1.0,14482.544638540901,0.0,1.0,280.0032850262192,8367.178434415051,1.0,1.0,1.2490965365466862,21.892834515169877,-0.0176216245347708,-42.72148590851908,0.0,0.0,1.0,0.6762001425626258,2.5846411059082617
4.36,4.36,1.0,24.653140794978565,0.018395777099605846,12.668351910921295,0.00028653289110234294,-0.12648160793537958,0.0035621832624604614,27.71759061680136,0.12653208445533531,1.0,0.0,935.5135677078589,-4.978190887468631,14488.133614152352,276.4610357550587,-0.12803306832788064,-12.673473954951026,1.0,14481.130143801967,0.0,1.0,280.84482685910257,8272.950015756704,1.0,1.0,1.2490965365466862,21.892834515169877,-0.0176216245347708,-42.72148590851908,0.0,0.0,1.0,0.6762001425626258,2.5846411059082617
4.4,4.4,1.0,24.80284667022491,0.009705959560894295,10.581675456679648,-0.0013323422081939651,0.6380737628114181,0.0005519187905011501,26.965777434052114,0.638075392519123,1.0,0.0,983.3282690693441,1.2003508490603525,14494.529214832823,281.29617897558927,-0.3674751855925118,-12.650186110686992,1.0,14482.784493527804,0.0,1.0,281.8088050085708,8289.705548916643,1.0,1.0,-1.4322066786564354,21.507300855489653,0.017841674799897057,-42.951261652675484,0.0,0.0,1.0,0.13604801867675795,3.290599877936373
4.44,4.44,1.0,25.4870212095016,0.10270680242909229,5.540337457862927,0.0005959249311417598,1.247893680468615,-0.003913210914629802,26.08244884913701,1.2478999583699375,1.0,0.0,983.3282690693441,1.2003508490603525,14494.529214832823,281.29617897558927,-0.3674751855925118,-12.650186110686992,1.0,14485.189411245252,0.0,1.0,283.11443997537833,8295.833565118703,1.0,1.0,-1.4322066786564354,21.507300855489653,0.017841674799897057,-42.951261652675484,0.0,0.0,1.0,0.13604801867675795,3.290599877936373
4.48,4.48,1.0,26.07965391587937,-0.032143761428748426,0.9981722217060855,-0.00027503239177572886,0.4944466362553215,-0.0043301442522301345,26.098768732981,0.49446567312227435,1.0,0.0,983.3282690693441,1.2003508490603525,14494.529214832823,281.29617897558927,-0.3674751855925118,-12.650186110686992,1.0,14479.062837468433,0.0,1.0,282.93229292848287,8224.945277117326,1.0,1.0,-1.1024665982765978,24.587106737095095,-0.01861797955789804,-41.2088312259665,0.0,0.0,1.0,-0.3369250952176552,-0.5815221049720424
4.5200000000000005,4.5200000000000005,1.0,26.13776264900932,-0.06441963040576197,1.3349363811947268,-0.0020900007033862714,-0.27435232430708706,-0.0011842155617624735,26.17190939397746,0.2743628406365154,1.0,0.0,983.3282690693441,1.2003508490603525,14494.529214832823,281.29617897558927,-0.3674751855925118,-12.650186110686992,1.0,14487.681556128677,0.0,1.0,284.6922110010334,8513.524343029147,1.0,1.0,-1.1024665982765978,24.587106737095095,-0.01861797955789804,-41.2088312259665,0.0,0.0,1.0,-0.3369250952176552,-0.5815221049720424
4.5600000000000005,4.5600000000000005,1.0,25.596495533367925,0.043306250906839046,5.181967496107348,0.0007229605721627328,-1.0446182265567336,-0.000480160844465465,26.115804528135925,1.044618587083803,1.0,0.0,983.3282690693441,1.2003508490603525,14494.529214832823,281.29617897558927,-0.3674751855925118,-12.650186110686992,1.0,14484.746561778862,0.0,1.0,285.7855852919606,8466.282431640611,1.0,1.0,1.3259132646516558,23.673759394589357,-0.0035281755840377692,-41.780093473694464,0.0,0.0,1.0,-0.4710199598301002,0.4901065667164256
4.6000000000000005,4.6000000000000005,1.0,24.922514582056845,0.026407875205752,10.204336219552612,-0.0027464164993739235,-0.7299644622509179,0.001803515699863043,26.930668542581376,0.7299718567326685,1.0,0.0,1050.742432812849,1.6718861808585128,14487.204205585775,286.607571971361,-0.009740363781446887,-14.01894498085318,1.0,14477.826735260429,0.0,1.0,287.2215801358346,8655.978641606698,1.0,1.0,1.3259132646516558,23.673759394589357,-0.0035281755840377692,-41.780093473694464,0.0,0.0,1.0,-0.4710199598301002,0.4901065667164256
4.64,4.64,1.0,24.617093978679186,0.01695792974563232,11.807427760519305,0.0004645272754602892,0.034376533221460705,-0.0007217022175441302,27.302325063012237,0.03438724583339942,1.0,0.0,1050.742432812849,1.6718861808585128,14487.204205585775,286.607571971361,-0.009740363781446887,-14.01894498085318,1.0,14478.764040387588,0.0,1.0,287.94892020926864,8759.861170506201,1.0,1.0,0.7672585271484665,21.527266275275025,-0.008110950308195183,-42.91191413255687,0.0,0.0,1.0,-0.7564696031565403,3.2884796597887487
4.68,4.68,1.0,24.97739842282126,0.007204964494916381,8.831584875594327,-0.0007972878995599514,0.8050112430051812,0.0002371589457747104,26.492779682371832,0.8050116727582944,1.0,0.0,1050.742432812849,1.6718861808585128,14487.204205585775,286.607571971361,-0.009740363781446887,-14.01894498085318,1.0,14481.917494406893,0.0,1.0,288.3592131656266,8744.548614472928,1.0,1.0,0.7672585271484665,21.527266275275025,-0.008110950308195183,-42.91191413255687,0.0,0.0,1.0,-0.7564696031565403,3.2884796597887487
4.72,4.72,1.0,25.5964769980724,-0.017175846341691413,4.079777587888292,0.0017235762147489275,0.8821958624227255,-0.0027956696509836222,25.919577830072438,0.8822019758306722,1.0,0.0,1050.742432812849,1.6718861808585128,14487.204205585775,286.607571971361,-0.009740363781446887,-14.01894498085318,1.0,14484.751375154958,0.0,1.0,289.4649155242129,8826.705278818545,1.0,1.0,0.5175194338178163,23.732662668886487,-0.07170598313132459,-41.702006889991594,0.0,0.0,1.0,0.552804904741559,0.17188530972484606
4.76,4.76,1.0,25.952097347632183,0.014570442286748798,1.2117278914059733,0.0034150044027026296,0.11610351673386742,-0.0009283448059498867,25.980374391482062,0.11615743918114174,1.0,0.0,1050.742432812849,1.6718861808585128,14487.204205585775,286.607571971361,-0.009740363781446887,-14.01894498085318,1.0,14480.494494725237,0.0,1.0,290.86490493830894,8759.954924771597,1.0,1.0,0.5175194338178163,23.732662668886487,-0.07170598313132459,-41.702006889991594,0.0,0.0,1.0,0.552804904741559,0.17188530972484606
4.8,4.8,1.0,25.669751884244103,0.004636982329415166,3.551649030940239,-0.00317071392762171,-0.6568662025937488,0.0011252594607800714,25.914289381328548,0.6568748189309717,1.0,0.0,1102.5884715285779,-4.13620026859798,14464.813951132908,291.33754300401415,-0.20922934603325888,-14.481747056226935,1.0,14484.53896902089,0.0,1.0,291.820362672051,8765.140527013076,1.0,1.0,0.3899931959270781,24.168465400242223,0.006472472129653403,-41.52623941014046,0.0,0.0,1.0,-0.2910017498447771,-0.44785265909067157
4.84,4.84,1.0,24.852315798602636,0.03516876057983554,9.188320578330345,0.0004871428489275571,-1.2894955398456587,-0.0013995853640561228,26.496491700701885,1.2894963913982829,1.0,0.0,1102.5884715285779,-4.13620026859798,14464.813951132908,291.33754300401415,-0.20922934603325888,-14.481747056226935,1.0,14482.835382484102,0.0,1.0,292.40703408570954,8925.79624919156,1.0,1.0,0.3899931959270781,24.168465400242223,0.006472472129653403,-41.52623941014046,0.0,0.0,1.0,-0.2910017498447771,-0.44785265909067157
4.88,4.88,1.0,24.18878863418303,-0.019912995269476957,14.48987934982777,0.0015530404192179023,-0.5270173908060015,0.002645406706840913,28.19671072464177,0.5270263184350038,1.0,0.0,1102.5884715285779,-4.13620026859798,14464.813951132908,291.33754300401415,-0.20922934603325888,-14.481747056226935,1.0,14481.570444814804,0.0,1.0,293.490948829689,9074.4733875261,1.0,1.0,-1.1610283165108868,20.86248233495471,-0.019270294528241617,-43.25312632626268,0.0,0.0,1.0,-0.816396507347486,3.8927095648834134
4.92,4.92,1.0,24.014393615022634,0.030419857047248252,14.456687865188975,-0.0006716444689966737,0.23932380813552265,0.00018281797979690276,28.030123975759448,0.23932482042027092,1.0,0.0,1102.5884715285779,-4.13620026859798,14464.813951132908,291.33754300401415,-0.20922934603325888,-14.481747056226935,1.0,14471.620029770833,0.0,1.0,294.5838880542193,9076.744072036607,1.0,1.0,-1.1610283165108868,20.86248233495471,-0.019270294528241617,-43.25312632626268,0.0,0.0,1.0,-0.816396507347486,3.8927095648834134
4.96,4.96,1.0,24.523579991130145,-0.021334841998424583,10.487865140410172,0.002095116786952877,1.0059545525802558,0.0038718239977200437,26.672115513402247,1.005964185442187,1.0,0.0,1102.5884715285779,-4.13620026859798,14464.813951132908,291.33754300401415,-0.20922934603325888,-14.481747056226935,1.0,14477.900968488319,0.0,1.0,295.31571777111014,9382.882927817578,1.0,1.0,0.29387442961330407,21.68208949404275,0.09943253653768501,-42.81906072038614,0.0,0.0,1.0,-0.6027928960997588,3.5196527120621015
5.0,5.0,1.0,25.26064580793463,0.027588878479493473,5.075261881834311,0.00110223697647286,0.8307476473891513,-0.0023009281864516946,25.765466635583014,0.8307515650538861,1.0,0.0,1163.8113360661284,7.6155402291759895,14469.994054606925,296.17068468448804,0.03697603883964625,-14.071146176685769,1.0,14472.770301537239,0.0,1.0,295.5734229838862,9266.24285255251,1.0,1.0,0.29387442961330407,21.68208949404275,0.09943253653768501,-42.81906072038614,0.0,0.0,1.0,-0.6027928960997588,3.5196527120621015
5.04,5.04,1.0,25.63481363512874,-0.033947892203182846,2.7107172019211023,-0.0033279772865455986,0.06635958300962315,0.0014617320148114074,25.777758054492605,0.06645905770106851,1.0,0.0,1163.8113360661284,7.6155402291759895,14469.994054606925,296.17068468448804,0.03697603883964625,-14.071146176685769,1.0,14474.57682858049,0.0,1.0,297.80318959362074,9317.90174961169,1.0,1.0,-0.28017728731011016,24.12193974298406,-0.03193204508596338,-41.509548721406915,0.0,0.0,1.0,-0.043658162271358235,-0.16948240214826862
5.08,5.08,1.0,25.314963388847232,-0.03220792017023336,5.252219968190349,-0.0011846400270874623,-0.7038709359074325,-0.0014399746281826276,25.85409490434842,0.7038734057443345,1.0,0.0,1163.8113360661284,7.6155402291759895,14469.994054606925,296.17068468448804,0.03697603883964625,-14.071146176685769,1.0,14471.898904202035,0.0,1.0,298.78579726502153,9369.058445376644,1.0,1.0,-0.28017728731011016,24.12193974298406,-0.03193204508596338,-41.509548721406915,0.0,0.0,1.0,-0.043658162271358235,-0.16948240214826862
5.12,5.12,1.0,24.53717233585458,-0.019541621902971585,11.085473874369551,0.00042666478421925723,-1.1237329524793571,-9.09062743993411e-05,26.925098683825542,1.1237330371555168,1.0,0.0,1163.8113360661284,7.6155402291759895,14469.994054606925,296.17068468448804,0.03697603883964625,-14.071146176685769,1.0,14480.44277726825,0.0,1.0,299.56602145094706,9347.158075728134,1.0,1.0,1.0079584410708555,21.8968036581394,-0.010429941697228816,-42.6933295428989,0.0,0.0,1.0,-0.1703185144145221,2.7969735361379904
5.16,5.16,1.0,23.910240021281894,0.005493863587036701,15.762644642461186,-0.0013245248562943443,-0.3590724377671307,-0.0008835646132343671,28.638445736149123,0.3590759677513251,1.0,0.0,1163.8113360661284,7.6155402291759895,14469.994054606925,296.17068468448804,0.03697603883964625,-14.071146176685769,1.0,14474.063722642333,0.0,1.0,300.79020935883614,9320.669998471632,1.0,1.0,1.0079584410708555,21.8968036581394,-0.010429941697228816,-42.6933295428989,0.0,0.0,1.0,-0.1703185144145221,2.7969735361379904
5.2,5.2,1.0,23.811392070990497,0.014682369006364064,14.48793446084526,-0.0024049328000567854,0.40781116354127955,-0.0021348044833955616,27.872618335422604,0.40782384211917694,1.0,0.0,1221.3290656588706,6.634762477471577,14482.169952662596,300.9269908741561,0.256281681720101,-14.149080260384043,1.0,14478.6815294809,0.0,1.0,301.6437424705244,9513.310308067445,1.0,1.0,1.3058685183089336,20.682300791586542,-0.06932169689902676,-43.31680155841116,0.0,0.0,1.0,0.2256476557226286,4.7167421118461315
5.24,5.24,1.0,24.542655374550378,0.01628126786070177,9.456366365259086,-0.0010341352720377903,1.163470433398513,-0.0007097202603633841,26.301427009720083,1.1634711094527155,1.0,0.0,1221.3290656588706,6.634762477471577,14482.169952662596,300.9269908741561,0.256281681720101,-14.149080260384043,1.0,14472.217571035777,0.0,1.0,303.00476744153104,9624.366112407004,1.0,1.0,1.3058685183089336,20.682300791586542,-0.06932169689902676,-43.31680155841116,0.0,0.0,1.0,0.2256476557226286,4.7167421118461315
5.28,5.28,1.0,25.155706862987564,0.030471935472397522,4.2755286727510295,0.0023038362034364956,0.4670364859699592,0.00033273742080729027,25.516478239500984,0.4670422867392324,1.0,0.0,1221.3290656588706,6.634762477471577,14482.169952662596,300.9269908741561,0.256281681720101,-14.149080260384043,1.0,14480.815970791613,0.0,1.0,303.2112198736535,9468.384896378195,1.0,1.0,-1.5262941420137093,23.466197304528194,-0.045641560204679896,-41.87382826309742,0.0,0.0,1.0,0.4758476429225454,0.4602302947675008
5.32,5.32,1.0,25.236415465752003,0.030884494841411047,5.064163309190023,-0.002997072768964555,-0.3011602390199932,0.0003087415494462866,25.73952931648547,0.3011753099659836,1.0,0.0,1221.3290656588706,6.634762477471577,14482.169952662596,300.9269908741561,0.256281681720101,-14.149080260384043,1.0,14474.201096903742,0.0,1.0,304.2693076357656,9725.480879637793,1.0,1.0,-1.5262941420137093,23.466197304528194,-0.045641560204679896,-41.87382826309742,0.0,0.0,1.0,0.4758476429225454,0.4602302947675008
5.36,5.36,1.0,24.696707013221353,-0.04678847304335846,9.63753786698709,0.0013556237219826928,-1.0331422824482677,0.0024298437292405426,26.510595289350192,1.0331460291936663,1.0,0.0,1221.3290656588706,6.634762477471577,14482.169952662596,300.9269908741561,0.256281681720101,-14.149080260384043,1.0,14467.670794792211,0.0,1.0,304.9310515571104,9846.822672865874,1.0,1.0,-0.951570589937721,22.436479961648768,-0.06158914933863806,-42.40134462629324,0.0,0.0,1.0,0.8097817565975685,2.8412490658814282
5.4,5.4,1.0,24.08116937119391,-0.012250128337510614,14.150446965264706,0.0007210070034809825,-0.27788687178549776,0.0036240676972870973,27.930950890840453,0.2779114377432193,1.0,0.0,1292.8697484223062,5.576683670632963,14483.128993509044,306.13879315984246,0.31291966857424075,-14.222277661742153,1.0,14472.56543565523,0.0,1.0,305.6748892654248,9887.90250180809,1.0,1.0,-0.951570589937721,22.436479961648768,-0.06158914933863806,-42.40134462629324,0.0,0.0,1.0,0.8097817565975685,2.8412490658814282
5.44,5.44,1.0,24.179947656600312,0.0848205368739059,12.4026721556205,-0.0007997110135020982,0.48699920343365444,-0.0027895698551701825,27.175417932374298,0.48700784940562913,1.0,0.0,1292.8697484223062,5.576683670632963,14483.128993509044,306.13879315984246,0.31291966857424075,-14.222277661742153,1.0,14467.652079399822,0.0,1.0,307.56592662124314,9930.972062677693,1.0,1.0,0.5832841954622578,21.503348431470528,-0.06528094566008488,-42.99690296327005,0.0,0.0,1.0,0.3609369880110054,3.6839848919813556
5.48,5.48,1.0,24.882467511475493,-0.0282445962260431,7.20746388266365,-0.0009881669242000162,1.0274595541331517,0.003200472818164767,25.905318427626987,1.027465013944331,1.0,0.0,1292.8697484223062,5.576683670632963,14483.128993509044,306.13879315984246,0.31291966857424075,-14.222277661742153,1.0,14474.780027661973,0.0,1.0,308.0061298180286,10090.726394499232,1.0,1.0,0.5832841954622578,21.503348431470528,-0.06528094566008488,-42.99690296327005,0.0,0.0,1.0,0.3609369880110054,3.6839848919813556
5.5200000000000005,5.5200000000000005,1.0,25.406248588111385,-0.0296220244593335,2.821021773717646,0.0026059364274960317,0.2606044293539046,0.001104772433169728,25.562404202911623,0.2606197997575539,1.0,0.0,1292.8697484223062,5.576683670632963,14483.128993509044,306.13879315984246,0.31291966857424075,-14.222277661742153,1.0,14469.530124620482,0.0,1.0,308.7730223549198,10110.874648859852,1.0,1.0,0.1960742393313308,23.862630323274505,0.005894248517490226,-41.644865170435736,0.0,0.0,1.0,-0.28959171377248005,-0.15983077148891323
5.5600000000000005,5.5600000000000005,1.0,25.191298317617083,-0.01346793693286467,4.8339746849882195,0.0018353750634023311,-0.5140515345400329,-0.0009061570845351222,25.650906486274703,0.5140556097206292,1.0,0.0,1292.8697484223062,5.576683670632963,14483.128993509044,306.13879315984246,0.31291966857424075,-14.222277661742153,1.0,14462.13157028913,0.0,1.0,310.0337669687316,10030.551896434587,1.0,1.0,0.1960742393313308,23.862630323274505,0.005894248517490226,-41.644865170435736,0.0,0.0,1.0,-0.28959171377248005,-0.15983077148891323
5.6000000000000005,5.6000000000000005,1.0,24.417748420814558,0.006551270767542587,10.654834544641623,-0.00011363261779635487,-1.2264099556772439,0.0042819552176389395,26.641170770726816,1.226417436045785,1.0,0.0,1342.9454539708986,-1.053296303146737,14480.464030358109,310.88412918111936,-0.1538729907520181,-14.502203885026741,1.0,14464.749704775822,0.0,1.0,311.1452604175677,10101.067488662215,1.0,1.0,0.5793570149029001,22.219033394540403,-0.03876684412033983,-42.61641718380902,0.0,0.0,1.0,-0.7125124662092,1.9955182660669115
5.64,5.64,1.0,23.59945481797197,-0.028907524467476624,16.285120017938176,0.0005533665735555224,-0.45287212760923135,0.00030863851047571673,28.672987938984,0.45287257086028826,1.0,0.0,1342.9454539708986,-1.053296303146737,14480.464030358109,310.88412918111936,-0.1538729907520181,-14.502203885026741,1.0,14469.398053719782,0.0,1.0,312.0710291958212,10297.437177182099,1.0,1.0,0.5793570149029001,22.219033394540403,-0.03876684412033983,-42.61641718380902,0.0,0.0,1.0,-0.7125124662092,1.9955182660669115
5.68,5.68,1.0,23.616857861198756,-0.000572921252458526,15.702210730142069,-0.00023013207101927984,0.3129484759719064,-0.003694925496047224,28.360454816136023,0.3129703724769013,1.0,0.0,1342.9454539708986,-1.053296303146737,14480.464030358109,310.88412918111936,-0.1538729907520181,-14.502203885026741,1.0,14469.532063175327,0.0,1.0,312.4642421612432,10299.35097409942,1.0,1.0,1.1002008529527931,20.670737573313986,-0.08856193226498019,-43.35215581341528,0.0,0.0,1.0,0.9170832345767918,4.549374179435195
5.72,5.72,1.0,24.152898899095227,0.03125058987668176,10.712595303263909,0.004812501865080137,1.07988281898901,-0.0007712206011120016,26.422021118014328,1.0798938177909287,1.0,0.0,1342.9454539708986,-1.053296303146737,14480.464030358109,310.88412918111936,-0.1538729907520181,-14.502203885026741,1.0,14473.638028410896,0.0,1.0,313.67710871175177,10343.585442260608,1.0,1.0,1.1002008529527931,20.670737573313986,-0.08856193226498019,-43.35215581341528,0.0,0.0,1.0,0.9170832345767918,4.549374179435195
5.76,5.76,1.0,24.957948466908103,0.05357163681578544,5.189400008223481,-0.0022774932462655516,0.5101022611780132,0.0030246963799977536,25.491801310273495,0.5101163128371803,1.0,0.0,1342.9454539708986,-1.053296303146737,14480.464030358109,310.88412918111936,-0.1538729907520181,-14.502203885026741,1.0,14469.113321255529,0.0,1.0,314.9545261576875,10349.694356119633,1.0,1.0,1.130831908857326,23.26162407435736,-0.05274183713192203,-41.98922192033282,0.0,0.0,1.0,-0.09937115441030181,0.8312505933870651
5.8,5.8,1.0,25.048678625363088,0.035770669914965414,5.335222023430892,0.002342900951452886,-0.25586349091482785,0.0003478975916738766,25.610587155644243,0.25587445398227,1.0,0.0,1417.8450822680531,-6.816386818210117,14462.235272667414,315.6988942669502,0.1304584624250594,-13.572224407681443,1.0,14464.264349007342,0.0,1.0,315.71146727267535,10339.495506628657,1.0,1.0,1.130831908857326,23.26162407435736,-0.05274183713192203,-41.98922192033282,0.0,0.0,1.0,-0.09937115441030181,0.8312505933870651
5.84,5.84,1.0,24.424917655408585,0.05638451295782419,10.087444745749238,-0.00044460813912837216,-1.018846463230498,-0.0014210155317882377,26.426053870855092,1.018847551206182,1.0,0.0,1417.8450822680531,-6.816386818210117,14462.235272667414,315.6988942669502,0.1304584624250594,-13.572224407681443,1.0,14459.615679924407,0.0,1.0,317.17738751866045,10781.608694154258,1.0,1.0,-2.023254209348351,22.358121597659018,0.02367462303462897,-42.48073975803983,0.0,0.0,1.0,-0.22694547106256774,2.3893687875406
5.88,5.88,1.0,23.72943153981347,-0.015233728292016326,15.038375559857872,0.0006630871833061185,-0.2971289982496665,-0.0006325920394653345,28.0933958920687,0.29713041153364184,1.0,0.0,1417.8450822680531,-6.816386818210117,14462.235272667414,315.6988942669502,0.1304584624250594,-13.572224407681443,1.0,14462.333156814353,0.0,1.0,317.83325098409085,10591.093853110451,1.0,1.0,-2.023254209348351,22.358121597659018,0.02367462303462897,-42.48073975803983,0.0,0.0,1.0,-0.22694547106256774,2.3893687875406
5.92,5.92,1.0,23.82606198424072,0.07438554128574972,13.251134541758802,-0.0017584804571543766,0.4700822762468389,-0.0008218452791355193,27.263149662675193,0.47008628370182254,1.0,0.0,1417.8450822680531,-6.816386818210117,14462.235272667414,315.6988942669502,0.1304584624250594,-13.572224407681443,1.0,14453.341261984653,0.0,1.0,317.9554339716387,10748.833954357917,1.0,1.0,0.18340737778346072,21.332699534084643,-0.008802604074385002,-42.952839222780355,0.0,0.0,1.0,-0.16010201304572413,3.1503732867136613
5.96,5.96,1.0,24.572822053210825,0.00027992364963933946,7.97550182709235,0.0017570202609937615,0.937517732143277,-0.0012442636172890168,25.834709464808675,0.9375202042597377,1.0,0.0,1417.8450822680531,-6.816386818210117,14462.235272667414,315.6988942669502,0.1304584624250594,-13.572224407681443,1.0,14458.627757591574,0.0,1.0,319.3757489522707,10699.361282424332,1.0,1.0,0.18340737778346072,21.332699534084643,-0.008802604074385002,-42.952839222780355,0.0,0.0,1.0,-0.16010201304572413,3.1503732867136613
6.0,6.0,1.0,25.0077090687921,0.01606752713942653,3.6964154231592707,0.00017160008257153595,0.16880864378394672,-0.0018953676938481636,25.27942360923889,0.1688193711677029,1.0,0.0,1479.2801238801014,9.068085101904941,14457.195584831356,320.1785754654448,-0.013939184546526732,-13.297568236594339,1.0,14468.01279351862,0.0,1.0,320.2849005933455,10885.092695652915,1.0,1.0,0.17010468278274543,23.58540249010625,0.05837160251768258,-41.841644691645726,0.0,0.0,1.0,-0.6956182886306914,0.5006086803859174
6.04,6.04,1.0,24.847893213356574,0.04057237502175906,6.340628628622108,6.930956756365808e-05,-0.6000736848482066,0.0016667834905210693,25.644161414756553,0.6000760037014687,1.0,0.0,1479.2801238801014,9.068085101904941,14457.195584831356,320.1785754654448,-0.013939184546526732,-13.297568236594339,1.0,14458.254232647081,0.0,1.0,321.5518992310077,10867.988563884555,1.0,1.0,0.17010468278274543,23.58540249010625,0.05837160251768258,-41.841644691645726,0.0,0.0,1.0,-0.6956182886306914,0.5006086803859174
6.08,6.08,1.0,23.82063168757196,0.005593004355604102,13.095094404018258,-7.29087009128991e-05,-1.2834564433976505,-0.0018050399839084493,27.182789090282945,1.2834577147627297,1.0,0.0,1479.2801238801014,9.068085101904941,14457.195584831356,320.1785754654448,-0.013939184546526732,-13.297568236594339,1.0,14460.694629361647,0.0,1.0,322.13854266351876,10862.968970495853,1.0,1.0,1.5875792972976135,21.536175224513435,-0.002056478429993728,-42.82010781678207,0.0,0.0,1.0,-0.143552978189858,3.167965035595465
6.12,6.12,1.0,22.967782989499536,-0.06812978271222198,19.516625525644933,0.0008305514379708037,-0.5165989762341817,0.00342831158721827,30.14004593606805,0.5166110194161897,1.0,0.0,1479.2801238801014,9.068085101904941,14457.195584831356,320.1785754654448,-0.013939184546526732,-13.297568236594339,1.0,14454.87151998493,0.0,1.0,323.9832191942356,10990.615041603915,1.0,1.0,1.5875792972976135,21.536175224513435,-0.002056478429993728,-42.82010781678207,0.0,0.0,1.0,-0.143552978189858,3.167965035595465
6.16,6.16,1.0,22.872888693861,0.012864991012615354,19.553656025825582,0.001803515667772956,0.25275358833708467,-0.0021077743342229486,30.09177074693434,0.25276881096899667,1.0,0.0,1479.2801238801014,9.068085101904941,14457.195584831356,320.1785754654448,-0.013939184546526732,-13.297568236594339,1.0,14468.514714168743,0.0,1.0,324.7008661515187,11012.24228984789,1.0,1.0,-0.827986803830592,19.768250447438067,0.07158661992316341,-43.76480992344903,0.0,0.0,1.0,0.05349377178396073,5.809910440092298
6.2,6.2,1.0,23.443889853095474,-0.007487811667000231,14.356064819673804,9.707246264722139e-05,1.0177487095110693,-0.0018558408692796282,27.490227802222236,1.017750406180141,1.0,0.0,1522.5428211606982,9.993530967801423,14454.563338891758,324.839478781445,0.17733845179516458,-12.584831254168721,1.0,14463.148595605991,0.0,1.0,325.4335002947181,11140.985625624913,1.0,1.0,-0.827986803830592,19.768250447438067,0.07158661992316341,-43.76480992344903,0.0,0.0,1.0,0.05349377178396073,5.809910440092298
6.24,6.24,1.0,24.39755387137568,-0.03535355171725165,7.271891675476014,0.0038554020934145313,0.8951077599443549,-0.0035836712631096895,25.458246077060274,0.8951232366203129,1.0,0.0,1522.5428211606982,9.993530967801423,14454.563338891758,324.839478781445,0.17733845179516458,-12.584831254168721,1.0,14460.797762578353,0.0,1.0,326.29642625354785,11081.956444523157,1.0,1.0,0.19038166789177,22.569443766733723,-0.002245157187972368,-42.29665688535852,0.0,0.0,1.0,0.574039899017583,1.1934472169764212
6.28,6.28,1.0,24.93668011138052,-0.026736673878737093,3.6180926093604366,0.00032609860757385546,0.1254563725129742,-0.00173691128733495,25.19780395107795,0.12546881925496903,1.0,0.0,1522.5428211606982,9.993530967801423,14454.563338891758,324.839478781445,0.17733845179516458,-12.584831254168721,1.0,14460.822421127508,0.0,1.0,326.9626238951699,11255.820349978478,1.0,1.0,0.19038166789177,22.569443766733723,-0.002245157187972368,-42.29665688535852,0.0,0.0,1.0,0.574039899017583,1.1934472169764212
6.32,6.32,1.0,24.61723634647256,0.07971162836617449,6.637588754528247,0.00298284300381604,-0.6393973714410406,-1.3989260873679764e-05,25.496514737430807,0.6394043291641032,1.0,0.0,1522.5428211606982,9.993530967801423,14454.563338891758,324.839478781445,0.17733845179516458,-12.584831254168721,1.0,14451.588124599682,0.0,1.0,328.78822664852294,11372.737878385195,1.0,1.0,0.5402392866010245,23.015128575529435,0.021421592845171016,-42.08205296114756,0.0,0.0,1.0,-0.568583997574551,1.5516384900755849
6.36,6.36,1.0,23.571431032547974,-0.00887954746132497,14.026037279685172,0.0009060034743294085,-1.3357828976989672,-0.001638429418514182,27.428856365872182,1.3357842097727852,1.0,0.0,1522.5428211606982,9.993530967801423,14454.563338891758,324.839478781445,0.17733845179516458,-12.584831254168721,1.0,14457.831621491812,0.0,1.0,328.87247699174065,11548.595499798394,1.0,1.0,0.5402392866010245,23.015128575529435,0.021421592845171016,-42.08205296114756,0.0,0.0,1.0,-0.568583997574551,1.5516384900755849
6.4,6.4,1.0,22.647025045091848,0.0012173547342984956,21.023041708593006,-0.0015707315802474672,-0.5711186864808783,0.001262694390872704,30.900744773487435,0.5711222422935965,1.0,0.0,1604.7460584941423,4.6666022427073015,14469.10647717461,329.61418734092996,-0.05478327866624792,-12.228173865822965,1.0,14457.364891888667,0.0,1.0,329.2623217333233,11530.008346943137,1.0,1.0,0.4875092345005081,19.728486380574193,-0.017517931397200384,-43.80846314501513,0.0,0.0,1.0,-0.29383351973702293,5.920892521916164
6.44,6.44,1.0,22.481227851380144,-0.014110020489203155,21.62243756798151,0.00018159236892964072,0.19859320013485626,-0.0006344050988372372,31.191915798482253,0.1985942964574284,1.0,0.0,1604.7460584941423,4.6666022427073015,14469.10647717461,329.61418734092996,-0.05478327866624792,-12.228173865822965,1.0,14460.403476612859,0.0,1.0,330.83349293997685,11694.590926260054,1.0,1.0,0.4875092345005081,19.728486380574193,-0.017517931397200384,-43.80846314501513,0.0,0.0,1.0,-0.29383351973702293,5.920892521916164
6.48,6.48,1.0,23.066561425119634,-0.028085897656074256,16.55011029517538,-0.0028782048556240617,0.9617621853589773,-0.0003997180511189477,28.38966705650023,0.9617665751231882,1.0,0.0,1604.7460584941423,4.6666022427073015,14469.10647717461,329.61418734092996,-0.05478327866624792,-12.228173865822965,1.0,14453.96308398706,0.0,1.0,331.6260230716012,11486.96903865869,1.0,1.0,1.2811752955637423,20.283508182305454,-0.00535646020213164,-43.502334109553324,0.0,0.0,1.0,-0.4831472128349279,5.214150271722098
6.5200000000000005,6.5200000000000005,1.0,24.133422773653713,-0.07738505297948828,8.361760682210441,0.0009557367078019069,1.1626893573585806,-0.0013491178746543823,25.54108699575828,1.1626905328876653,1.0,0.0,1604.7460584941423,4.6666022427073015,14469.10647717461,329.61418734092996,-0.05478327866624792,-12.228173865822965,1.0,14456.673346577734,0.0,1.0,332.44857362842686,11784.097196891309,1.0,1.0,1.2811752955637423,20.283508182305454,-0.00535646020213164,-43.502334109553324,0.0,0.0,1.0,-0.4831472128349279,5.214150271722098
6.5600000000000005,6.5600000000000005,1.0,25.0103862022976,-0.041636332261109965,2.3551140619534077,-0.0029404133821951143,0.39463247919062483,0.0016975635819963298,25.121061160250637,0.39464708460232173,1.0,0.0,1604.7460584941423,4.6666022427073015,14469.10647717461,329.61418734092996,-0.05478327866624792,-12.228173865822965,1.0,14457.455283315374,0.0,1.0,332.99728279969077,11869.7720419832,1.0,1.0,0.4258508632091828,23.563422592164542,-0.044769141277079094,-41.82592295746805,0.0,0.0,1.0,0.21897126817446183,0.17234502542931007
6.6000000000000005,6.6000000000000005,1.0,24.986629711043893,0.049327131780695414,3.811393389020646,0.0011619786287553509,-0.3674317859242901,0.00017347006125325784,25.275696173372186,0.36743366420853324,1.0,0.0,1669.4432608614943,-0.16799297523893086,14449.105894731252,333.8584370050588,0.1427488416685046,-11.38837140787919,1.0,14455.031018045196,0.0,1.0,334.9640773572693,11634.590000844506,1.0,1.0,0.4258508632091828,23.563422592164542,-0.044769141277079094,-41.82592295746805,0.0,0.0,1.0,0.21897126817446183,0.17234502542931007
6.640000000000001,6.640000000000001,1.0,24.135507763451944,0.034766303705291976,9.965714757665383,0.0020387486372588394,-1.136958446053011,0.001665994200884427,26.112054961773346,1.1369614945476214,1.0,0.0,1669.4432608614943,-0.16799297523893086,14449.105894731252,333.8584370050588,0.1427488416685046,-11.38837140787919,1.0,14458.788486569447,0.0,1.0,335.32371290636087,12181.52455507743,1.0,1.0,-1.501824250804084,22.343605174276636,-0.008012183588547958,-42.49123381704406,0.0,0.0,1.0,0.25357148515016864,1.8198030402409817
6.68,6.68,1.0,23.126495149170708,0.0025836502246760072,17.322580563467564,-0.0006366210801357253,-0.6967924883254605,0.0005373807810272468,28.894750075709066,0.6967929863677521,1.0,0.0,1669.4432608614943,-0.16799297523893086,14449.105894731252,333.8584370050588,0.1427488416685046,-11.38837140787919,1.0,14452.783110528122,0.0,1.0,336.5963258751817,11958.601891169681,1.0,1.0,-1.501824250804084,22.343605174276636,-0.008012183588547958,-42.49123381704406,0.0,0.0,1.0,0.25357148515016864,1.8198030402409817
6.72,6.72,1.0,22.753433878341642,-0.016648572639540338,19.284249311959627,0.0019673450884619965,0.06945667524372112,-0.003064720822719706,29.826184837435235,0.06955208621119895,1.0,0.0,1669.4432608614943,-0.16799297523893086,14449.105894731252,333.8584370050588,0.1427488416685046,-11.38837140787919,1.0,14448.535142096303,0.0,1.0,336.93117770197017,12008.754389011829,1.0,1.0,-1.2001156216199969,20.108973384119096,-0.011877050601400796,-43.53326144019978,0.0,0.0,1.0,-0.3432833059501494,4.797606017354938
6.76,6.76,1.0,23.287123501602583,0.04883235277905986,14.749193311195492,0.0004699153071497863,0.8433743275187897,0.0018000206943542339,27.565035985983823,0.8433763793305257,1.0,0.0,1669.4432608614943,-0.16799297523893086,14449.105894731252,333.8584370050588,0.1427488416685046,-11.38837140787919,1.0,14456.024147188808,0.0,1.0,337.2628066923588,12032.335285406776,1.0,1.0,-1.2001156216199969,20.108973384119096,-0.011877050601400796,-43.53326144019978,0.0,0.0,1.0,-0.3432833059501494,4.797606017354938
6.8,6.8,1.0,24.337633183892876,-0.0005742056436345041,7.317068404633619,-0.0020902435102040937,0.9765260834655689,-0.0007257064345072607,25.41377341839506,0.9765285901889225,1.0,0.0,1727.7382987414273,-0.16966451324068849,14468.940944526646,338.58840967767276,0.11134271163625489,-10.182772790311144,1.0,14455.691991807316,0.0,1.0,339.098373570311,12163.725480216654,1.0,1.0,-0.6003144111723214,22.55145544274004,-0.021643236733147737,-42.353209486999354,0.0,0.0,1.0,0.1552624303517183,2.1722438112381557
6.84,6.84,1.0,24.899393826042736,-0.04951093398323291,2.2834611332408334,0.0010708553501375152,0.20741631755058287,-0.0026420469348990704,25.00392887095907,0.20743590800396963,1.0,0.0,1727.7382987414273,-0.16966451324068849,14468.940944526646,338.58840967767276,0.11134271163625489,-10.182772790311144,1.0,14445.609707243617,0.0,1.0,339.69633037457834,12086.301202804669,1.0,1.0,-0.6003144111723214,22.55145544274004,-0.021643236733147737,-42.353209486999354,0.0,0.0,1.0,0.1552624303517183,2.1722438112381557
6.88,6.88,1.0,24.701239543090807,-0.05859005110850689,5.037166201369854,0.0017529174767215762,-0.5582884913142444,0.0018278630644082995,25.20967495029368,0.5582942354502665,1.0,0.0,1727.7382987414273,-0.16966451324068849,14468.940944526646,338.58840967767276,0.11134271163625489,-10.182772790311144,1.0,14451.405884724894,0.0,1.0,340.94419824676237,12159.35879292206,1.0,1.0,-1.8114319211906922,23.29327449850111,0.007689491356372342,-41.98638905014145,0.0,0.0,1.0,-0.3910956516143434,0.8456607493544203
6.92,6.92,1.0,23.546903286544367,0.004036463078672388,12.550803589709991,0.0006711899503014222,-1.326599593718595,0.0011731344965819233,26.682941019055324,1.3266002822232619,1.0,0.0,1727.7382987414273,-0.16966451324068849,14468.940944526646,338.58840967767276,0.11134271163625489,-10.182772790311144,1.0,14452.13723298487,0.0,1.0,341.158672171314,12254.272448214262,1.0,1.0,-1.8114319211906922,23.29327449850111,0.007689491356372342,-41.98638905014145,0.0,0.0,1.0,-0.3910956516143434,0.8456607493544203
6.96,6.96,1.0,22.52457756598085,-0.05120784477673421,20.351369356524405,0.0010178382796940844,-0.605099377070285,0.0006191871882862595,30.356835333330363,0.6051005499240475,1.0,0.0,1727.7382987414273,-0.16966451324068849,14468.940944526646,338.58840967767276,0.11134271163625489,-10.182772790311144,1.0,14450.96205544925,0.0,1.0,342.325985537668,12454.753241890698,1.0,1.0,0.8739699661370618,19.92142377918192,0.03757562331768581,-43.68859208503379,0.0,0.0,1.0,-0.21118008487819837,5.063131708744715
7.0,7.0,1.0,22.31931474470633,-0.042075868536244815,21.398481381010676,-0.0033546274148965253,0.15895621766983817,-0.0010269661424250663,30.920035356794777,0.1589949285997872,1.0,0.0,1791.2778528028143,-2.687059152334728,14456.743842151074,342.94985515033676,-0.10749187953529392,-10.053206742283677,1.0,14447.510311003864,0.0,1.0,342.88430128256243,12698.42553520487,1.0,1.0,0.8739699661370618,19.92142377918192,0.03757562331768581,-43.68859208503379,0.0,0.0,1.0,-0.21118008487819837,5.063131708744715
7.04,7.04,1.0,22.944735095525957,-0.012575437708453284,16.102709845287638,0.0015118477446394957,0.9303750137600949,0.0023150352074090613,28.031380470947507,0.930379122347826,1.0,0.0,1791.2778528028143,-2.687059152334728,14456.743842151074,342.94985515033676,-0.10749187953529392,-10.053206742283677,1.0,14451.619989400177,0.0,1.0,344.8758630223206,12508.429285514338,1.0,1.0,-1.1750746875821485,20.491277380663803,0.04564389584582532,-43.503472155060216,0.0,0.0,1.0,-0.33127624072592476,5.033748293374081
7.08,7.08,1.0,23.988022789236247,0.0626386381411918,8.206866246120736,0.0020026914220182324,0.9126639932275988,0.002433582325052905,25.35314210344788,0.9126694350256347,1.0,0.0,1791.2778528028143,-2.687059152334728,14456.743842151074,342.94985515033676,-0.10749187953529392,-10.053206742283677,1.0,14446.694739461165,0.0,1.0,344.9673683525296,12495.945360716343,1.0,1.0,-1.1750746875821485,20.491277380663803,0.04564389584582532,-43.503472155060216,0.0,0.0,1.0,-0.33127624072592476,5.033748293374081
7.12,7.12,1.0,24.517204074885285,-0.008841059084845646,3.65705113650054,0.00034456923183544193,0.14775745896377263,-0.002164532674743588,24.78845289300801,0.14777371420210872,1.0,0.0,1791.2778528028143,-2.687059152334728,14456.743842151074,342.94985515033676,-0.10749187953529392,-10.053206742283677,1.0,14446.74885772885,0.0,1.0,345.882002129178,12575.71965998434,1.0,1.0,0.5188049184399429,23.055483937217513,0.013723546826771963,-42.07910602323443,0.0,0.0,1.0,0.5867281025943407,0.8707379056508049
7.16,7.16,1.0,24.243137777314374,-0.01162651465319048,6.787494711000048,-0.0025717000782146094,-0.6209583634320212,0.0006217500682367238,25.175383788882822,0.6209640000278709,1.0,0.0,1791.2778528028143,-2.687059152334728,14456.743842151074,342.94985515033676,-0.10749187953529392,-10.053206742283677,1.0,14448.836693105219,0.0,1.0,347.3337829541777,12896.686320802035,1.0,1.0,0.5188049184399429,23.055483937217513,0.013723546826771963,-42.07910602323443,0.0,0.0,1.0,0.5867281025943407,0.8707379056508049
7.2,7.2,1.0,23.113188439404965,-0.06962137092362754,15.064330069274359,-0.00023221271293789996,-1.3813259190961138,-0.002228980752336614,27.58909870595225,1.3813277370141606,1.0,0.0,1865.3230169725225,9.7826362534133,14455.570637218425,347.96240065297366,0.08902677205952292,-9.609178560833918,1.0,14447.235663650794,0.0,1.0,347.0505308234099,12687.580097360518,1.0,1.0,-0.5906901910284851,20.961249876775547,0.037369933714781776,-43.1254384876457,0.0,0.0,1.0,0.6997178403766151,3.9135182021856796
7.24,7.24,1.0,21.901247950687328,-0.029191926152687224,23.28773648329936,0.0009768018339037824,-0.6207365555175732,0.0017812345307533198,31.968487366180312,0.620739879735544,1.0,0.0,1865.3230169725225,9.7826362534133,14455.570637218425,347.96240065297366,0.08902677205952292,-9.609178560833918,1.0,14452.195780148624,0.0,1.0,348.6102835341296,13053.88783428803,1.0,1.0,-0.5906901910284851,20.961249876775547,0.037369933714781776,-43.1254384876457,0.0,0.0,1.0,0.6997178403766151,3.9135182021856796
7.28,7.28,1.0,21.708058345769853,0.0037128412221816122,24.462719022234705,-0.0028656308782415373,0.1565955300035901,-0.0023617988674014905,32.70572477242083,0.1566395542362327,1.0,0.0,1865.3230169725225,9.7826362534133,14455.570637218425,347.96240065297366,0.08902677205952292,-9.609178560833918,1.0,14456.844570449875,0.0,1.0,349.5014791811171,12787.258840277227,1.0,1.0,-0.9283447547257891,18.84899805115611,0.027872650967447413,-44.07791241990925,0.0,0.0,1.0,0.11227887320980828,7.1376444123070755
7.32,7.32,1.0,22.411789479991825,0.009061947217763025,19.0204115061715,-0.0027678777560308132,0.9207203738895997,-0.0009121813364522823,29.39497310218978,0.9207249861481263,1.0,0.0,1865.3230169725225,9.7826362534133,14455.570637218425,347.96240065297366,0.08902677205952292,-9.609178560833918,1.0,14445.903364118327,0.0,1.0,350.53630485593635,13085.118568038233,1.0,1.0,-0.9283447547257891,18.84899805115611,0.027872650967447413,-44.07791241990925,0.0,0.0,1.0,0.11227887320980828,7.1376444123070755
7.36,7.36,1.0,23.662096229483694,-0.006434461770273439,9.388266261016657,-0.0006923058683284554,1.2423955167671212,-0.0007917525351475051,25.456519455011687,1.242395961939081,1.0,0.0,1865.3230169725225,9.7826362534133,14455.570637218425,347.96240065297366,0.08902677205952292,-9.609178560833918,1.0,14448.999910148439,0.0,1.0,350.8630688495092,13087.544921335417,1.0,1.0,0.042650547058959945,21.688901046062405,-0.004543875783639712,-42.76269381747672,0.0,0.0,1.0,0.18900518075226505,3.3655343544611673
7.4,7.4,1.0,24.717809446342386,0.06838475202492793,2.239478928801511,-0.0010239982464375075,0.4720978104173342,-0.00032608789816877234,24.81914676560313,0.47209903357936167,1.0,0.0,1944.103582716916,-11.468303110382779,14456.31244006831,351.86938819025534,-0.28373017181201854,-7.775357172731696,1.0,14443.207984506013,0.0,1.0,352.2608522098172,13281.715119457216,1.0,1.0,0.042650547058959945,21.688901046062405,-0.004543875783639712,-42.76269381747672,0.0,0.0,1.0,0.18900518075226505,3.3655343544611673
7.44,7.44,1.0,24.754928781852225,-0.011572903902095135,3.145722583454937,-0.00031157153708072296,-0.29284877863590286,0.0033052852065137547,24.954001753200604,0.2928675965955591,1.0,0.0,1944.103582716916,-11.468303110382779,14456.31244006831,351.86938819025534,-0.28373017181201854,-7.775357172731696,1.0,14450.186652387894,0.0,1.0,352.95478628176187,13160.949984246748,1.0,1.0,-0.48368309847320834,23.368217253570748,-0.010185417409083358,-41.862270400433964,0.0,0.0,1.0,0.18525733700550112,0.9881622288242261
7.48,7.48,1.0,23.926368455676858,0.06798400893274612,9.590631399193397,0.0048426859127473215,-1.062776196819081,-1.1888325402926586e-05,25.77704288582136,1.0627872300105097,1.0,0.0,1944.103582716916,-11.468303110382779,14456.31244006831,351.86938819025534,-0.28373017181201854,-7.775357172731696,1.0,14449.805997249721,0.0,1.0,353.79975966399127,13360.383588133782,1.0,1.0,-0.48368309847320834,23.368217253570748,-0.010185417409083358,-41.862270400433964,0.0,0.0,1.0,0.18525733700550112,0.9881622288242261
7.5200000000000005,7.5200000000000005,1.0,22.64638685231899,0.031035019122155255,18.16385205878832,0.0012200916624065436,-0.844896356331317,-0.0025056503283326743,29.03076509930193,0.8449009526856792,1.0,0.0,1944.103582716916,-11.468303110382779,14456.31244006831,351.86938819025534,-0.28373017181201854,-7.775357172731696,1.0,14452.974776955112,0.0,1.0,353.77449698117744,13247.408875859652,1.0,1.0,0.4530843228770401,20.499372826556506,-0.020185433222513535,-43.4413596584538,0.0,0.0,1.0,-0.2998008009386375,5.208765106567413
7.5600000000000005,7.5600000000000005,1.0,22.125232204046288,0.00635368696554845,21.979145596450888,0.0033971487790218423,-0.07513023080315266,-0.00031106504260141796,31.186676347477164,0.07520763898582727,1.0,0.0,1944.103582716916,-11.468303110382779,14456.31244006831,351.86938819025534,-0.28373017181201854,-7.775357172731696,1.0,14442.281012547786,0.0,1.0,355.5794677950913,13676.871334380081,1.0,1.0,0.4530843228770401,20.499372826556506,-0.020185433222513535,-43.4413596584538,0.0,0.0,1.0,-0.2998008009386375,5.208765106567413
7.6000000000000005,7.6000000000000005,1.0,22.557514289571508,0.008020408113774106,18.029599027699017,-0.004919697410463144,0.694486957775173,0.002963119382453372,28.87746450696069,0.6945107040347903,1.0,0.0,2011.4271187833194,2.708970820773772,14440.722461319263,356.38677281093084,-0.02396610235338394,-7.202359958851046,1.0,14444.336016018317,0.0,1.0,356.06206170768223,13463.577978949685,1.0,1.0,2.2783558166679163,20.193053573070564,0.027197442265152198,-43.48397741838285,0.0,0.0,1.0,-0.36260013265059504,5.3925729695266895
7.640000000000001,7.640000000000001,1.0,23.81968611115328,0.012495541383543883,8.827915347248164,-0.00048158505621752383,1.330934927016589,0.005487595769184504,25.402946521035755,1.3309463270861623,1.0,0.0,2011.4271187833194,2.708970820773772,14440.722461319263,356.38677281093084,-0.02396610235338394,-7.202359958851046,1.0,14447.824322069206,0.0,1.0,357.1447195483237,13559.18234247795,1.0,1.0,2.2783558166679163,20.193053573070564,0.027197442265152198,-43.48397741838285,0.0,0.0,1.0,-0.36260013265059504,5.3925729695266895
7.68,7.68,1.0,24.91475749421088,0.0639510415333201,0.5911192986739324,-0.002341114361614883,0.5663041889251221,-0.0017767054659824832,24.921850909519442,0.5663118150744406,1.0,0.0,2011.4271187833194,2.708970820773772,14440.722461319263,356.38677281093084,-0.02396610235338394,-7.202359958851046,1.0,14444.222868419898,0.0,1.0,358.3507251732317,13613.985720087585,1.0,1.0,-0.3277453259666723,23.639385343088293,-0.022880799244442144,-41.80272512214601,0.0,0.0,1.0,0.6560478769200749,0.7213405735136436
7.72,7.72,1.0,25.164465698583463,0.05113836303669537,-0.11804006214216245,0.0008935532776689119,-0.20639832666083643,-0.0032558748149006875,25.164794505094378,0.20642593927765882,1.0,0.0,2011.4271187833194,2.708970820773772,14440.722461319263,356.38677281093084,-0.02396610235338394,-7.202359958851046,1.0,14439.495646056792,0.0,1.0,359.4503198152412,13684.9308251976,1.0,1.0,-0.3277453259666723,23.639385343088293,-0.022880799244442144,-41.80272512214601,0.0,0.0,1.0,0.6560478769200749,0.7213405735136436
7.76,7.76,1.0,24.314518778566303,0.028166348658412835,5.8814549234158795,-0.003257200131012459,-0.9709963127227751,0.0008736693529588345,25.015757609807125,0.9710021688812321,1.0,0.0,2011.4271187833194,2.708970820773772,14440.722461319263,356.38677281093084,-0.02396610235338394,-7.202359958851046,1.0,14445.601185787615,0.0,1.0,360.4356339727026,13494.275551018918,1.0,1.0,1.100038834890775,22.922803767796214,0.047959016272223,-42.16465672601203,0.0,0.0,1.0,-0.4809609920839429,1.5090236660371408
7.8,7.8,1.0,22.647770929975387,0.05637963936230035,16.99616044979747,0.0011744676990702884,-1.5015890411486952,-0.0009376223559036784,28.315970348826692,1.5015897931885114,1.0,0.0,2081.9054085051207,9.131669050254153,14443.299814793449,361.23933077138827,0.047759208328907905,-7.445090139055528,1.0,14449.865410606342,0.0,1.0,360.9247718549425,13860.666462307254,1.0,1.0,1.100038834890775,22.922803767796214,0.047959016272223,-42.16465672601203,0.0,0.0,1.0,-0.4809609920839429,1.5090236660371408
7.84,7.84,1.0,21.41494755638779,-0.05620507223550889,26.78426056307267,-0.0029937192629302754,-0.7325008782102814,-0.0023481044935878517,34.29285277960342,0.7325107593261492,1.0,0.0,2081.9054085051207,9.131669050254153,14443.299814793449,361.23933077138827,0.047759208328907905,-7.445090139055528,1.0,14443.042974827846,0.0,1.0,362.3944396938057,13747.789589965405,1.0,1.0,1.5335754626820528,18.847060872779423,-0.0552376532386959,-44.209240588954465,0.0,0.0,1.0,-0.14595926299872805,6.982266827697628
7.88,7.88,1.0,20.992899483775933,-0.02002263739015581,28.760115095029832,-0.0003854421270687051,0.03347103789055294,0.0019592738798401626,35.60683150634567,0.03353054871666096,1.0,0.0,2081.9054085051207,9.131669050254153,14443.299814793449,361.23933077138827,0.047759208328907905,-7.445090139055528,1.0,14441.865160910502,0.0,1.0,362.81772241382004,14051.73027173389,1.0,1.0,1.5335754626820528,18.847060872779423,-0.0552376532386959,-44.209240588954465,0.0,0.0,1.0,-0.14595926299872805,6.982266827697628
7.92,7.92,1.0,21.531660166830697,-0.014454081851773016,23.626983613860986,-0.001399542295613547,0.802135948357766,0.0033993115673471765,31.966340940902533,0.8021443720961843,1.0,0.0,2081.9054085051207,9.131669050254153,14443.299814793449,361.23933077138827,0.047759208328907905,-7.445090139055528,1.0,14444.68840269811,0.0,1.0,363.83430838509497,14150.474825162084,1.0,1.0,0.9353726636870966,18.88338161822122,0.009941623136163116,-44.148214565528605,0.0,0.0,1.0,0.6571228182482711,7.016026812481975
7.96,7.96,1.0,23.010826194198504,-0.03125345950062443,12.927112751197248,1.2732613076743389e-05,1.5635786336403454,-0.0009665894516155297,26.393357933398875,1.5635789324603657,1.0,0.0,2081.9054085051207,9.131669050254153,14443.299814793449,361.23933077138827,0.047759208328907905,-7.445090139055528,1.0,14434.530637961967,0.0,1.0,363.604017461897,13856.569457713182,1.0,1.0,0.9353726636870966,18.88338161822122,0.009941623136163116,-44.148214565528605,0.0,0.0,1.0,0.6571228182482711,7.016026812481975
8.0,8.0,1.0,24.43331072218304,-0.0476234042540773,2.531853104551811,0.0008640408506158236,0.7903426611839404,0.0009923350349926236,24.564185738151515,0.7903437564646956,1.0,0.0,2153.824300956706,-8.171675226971017,14441.453223941011,365.24496606678167,0.143272931108316,-4.643246040925755,1.0,14449.903797302462,0.0,1.0,364.82867261144594,13950.031838186998,1.0,1.0,-0.2892238418536282,22.970895305386833,0.02086383799332001,-42.161558906375504,0.0,0.0,1.0,0.2726461089697374,1.6719060048721164
8.040000000000001,8.040000000000001,1.0,24.95405989258962,0.01391473048362752,-0.8696944528006603,-0.0003309490959152697,0.025743221826755716,0.0005693630383617657,24.969214388600744,0.025751644056158658,1.0,0.0,2153.824300956706,-8.171675226971017,14441.453223941011,365.24496606678167,0.143272931108316,-4.643246040925755,1.0,14436.87648113325,0.0,1.0,366.4907143373591,14290.499783820305,1.0,1.0,-0.2892238418536282,22.970895305386833,0.02086383799332001,-42.161558906375504,0.0,0.0,1.0,0.2726461089697374,1.6719060048721164
8.08,8.08,1.0,24.472375254238038,0.021678476813702482,3.6784477262995643,-0.0007399106191483569,-0.7408853261017964,-0.0007635690787471132,24.747294765604533,0.7408860890436718,1.0,0.0,2153.824300956706,-8.171675226971017,14441.453223941011,365.24496606678167,0.143272931108316,-4.643246040925755,1.0,14448.521605149437,0.0,1.0,367.6822951569993,14224.556753421037,1.0,1.0,0.5119188532621063,23.003284891551385,0.014107144803111904,-42.062157305780104,0.0,0.0,1.0,-0.11487862457637116,1.8898787669288715
8.120000000000001,8.120000000000001,1.0,22.832404496755178,-0.01861697878716891,13.958365528362032,0.0024248259176010986,-1.5107393061687828,0.002498678620477894,26.761072660091763,1.5107433184955392,1.0,0.0,2153.824300956706,-8.171675226971017,14441.453223941011,365.24496606678167,0.143272931108316,-4.643246040925755,1.0,14448.996036347637,0.0,1.0,367.9912471593158,14576.888705151641,1.0,1.0,0.5119188532621063,23.003284891551385,0.014107144803111904,-42.062157305780104,0.0,0.0,1.0,-0.11487862457637116,1.8898787669288715
8.16,8.16,1.0,21.49111646577928,-0.01567158429970331,24.464526586750004,-0.0001491479078132069,-0.7761428441408854,0.002892907556717553,32.56349787197379,0.7761482498017586,1.0,0.0,2153.824300956706,-8.171675226971017,14441.453223941011,365.24496606678167,0.143272931108316,-4.643246040925755,1.0,14436.71241071794,0.0,1.0,369.0537179971352,14292.744766784743,1.0,1.0,0.3468449258052637,19.149779782359467,-0.039549290761212975,-44.05928187472309,0.0,0.0,1.0,0.38322270367133815,6.295224345917913
8.2,8.2,1.0,21.02262895239689,-0.05908923454158562,27.750003791151663,0.002498546676191703,-0.008447124900399325,0.0010686924802493071,34.814036393626154,0.008873486247997251,1.0,0.0,2230.8236344729794,-2.1859902016606054,14442.257807129987,369.54462479209724,-0.18222049761718648,-4.265302271787184,1.0,14444.122430131616,0.0,1.0,369.693811828106,14457.229896512295,1.0,1.0,0.3468449258052637,19.149779782359467,-0.039549290761212975,-44.05928187472309,0.0,0.0,1.0,0.38322270367133815,6.295224345917913
8.24,8.24,1.0,21.570763300901554,0.03564130197607079,22.742035196007887,-0.0025200366566641547,0.7612148026800908,-0.0004781378659957313,31.34484430560135,0.7612191241816376,1.0,0.0,2230.8236344729794,-2.1859902016606054,14442.257807129987,369.54462479209724,-0.18222049761718648,-4.265302271787184,1.0,14443.196724031854,0.0,1.0,370.55490229845566,14506.177441865708,1.0,1.0,-0.3237040742606291,19.07014835148048,-0.03641030598348794,-44.082398974154536,0.0,0.0,1.0,-0.1786316594936572,6.262007893612336
8.28,8.28,1.0,22.976385884364973,-0.008964124123363018,12.030061752775493,-0.0005262679014076007,1.4970693804031892,-0.0035619614524152613,25.93524193907508,1.497073710365686,1.0,0.0,2230.8236344729794,-2.1859902016606054,14442.257807129987,369.54462479209724,-0.18222049761718648,-4.265302271787184,1.0,14441.649187797178,0.0,1.0,371.19207293549346,14753.837253720312,1.0,1.0,-0.3237040742606291,19.07014835148048,-0.03641030598348794,-44.082398974154536,0.0,0.0,1.0,-0.1786316594936572,6.262007893612336
8.32,8.32,1.0,24.499497027935195,0.05467407564550526,1.7165211548987842,-0.0005510632858222666,0.7309882818834141,0.0009690256880803097,24.55961703185879,0.7309891318839117,1.0,0.0,2230.8236344729794,-2.1859902016606054,14442.257807129987,369.54462479209724,-0.18222049761718648,-4.265302271787184,1.0,14440.227403585053,0.0,1.0,372.6321095943527,14548.388848973473,1.0,1.0,-0.5661622823529834,23.023584984467064,0.012704199972749188,-42.162025536953514,0.0,0.0,1.0,0.5578348928443428,0.9480840899968787
8.36,8.36,1.0,24.934030299806288,-0.03864036707806537,-1.0822401484977022,0.0011037771936045404,-0.039826727791388836,0.002380091463597168,24.957536012368013,0.03991304806748783,1.0,0.0,2230.8236344729794,-2.1859902016606054,14442.257807129987,369.54462479209724,-0.18222049761718648,-4.265302271787184,1.0,14442.532446357918,0.0,1.0,373.72771741388834,14762.004333779296,1.0,1.0,-0.5661622823529834,23.023584984467064,0.012704199972749188,-42.162025536953514,0.0,0.0,1.0,0.5578348928443428,0.9480840899968787
8.4,8.4,1.0,24.285403617824475,-0.013590646266515544,4.2108956366658585,-0.0021343865614498504,-0.8036915826053299,0.0006821058291804356,24.647771819156382,0.8036947062317977,1.0,0.0,2300.5890177316683,-1.2166736989053561,14444.988850424046,374.24005410569185,-0.28343642198442504,-4.001991535915049,1.0,14439.32389657201,0.0,1.0,373.77200881255055,15038.651402708198,1.0,1.0,-0.5670753699209532,22.865050935729236,-0.02323556330097186,-42.108918872523674,0.0,0.0,1.0,-0.04759058949782592,1.546313262010117
8.44,8.44,1.0,22.578723781538603,-0.00392596222982024,15.467886525135103,0.00027055958572295036,-1.5772062853732196,0.0006586350014662181,27.36885632558753,1.577206446101253,1.0,0.0,2300.5890177316683,-1.2166736989053561,14444.988850424046,374.24005410569185,-0.28343642198442504,-4.001991535915049,1.0,14443.555518747113,0.0,1.0,374.7232370289938,14949.485807080682,1.0,1.0,-0.5670753699209532,22.865050935729236,-0.02323556330097186,-42.108918872523674,0.0,0.0,1.0,-0.04759058949782592,1.546313262010117
8.48,8.48,1.0,21.05456352700722,-0.0129798233979588,26.574153717606674,-0.0012709442098632702,-0.8088862125711543,0.0006224410434872326,33.903988844907126,0.8088874505267984,1.0,0.0,2300.5890177316683,-1.2166736989053561,14444.988850424046,374.24005410569185,-0.28343642198442504,-4.001991535915049,1.0,14441.403672429384,0.0,1.0,375.534705506008,14875.41058004371,1.0,1.0,0.3438392032432643,18.739794409161412,-0.0035811665362954735,-44.2191295308533,0.0,0.0,1.0,-0.4199839623019506,7.192682241853685
8.52,8.52,1.0,20.578670848686706,0.010835380809995139,30.425611718283832,-0.0006525893177551093,-0.03652366636453645,-0.0009206259075196705,36.73145327557617,0.03654109507920112,1.0,0.0,2300.5890177316683,-1.2166736989053561,14444.988850424046,374.24005410569185,-0.28343642198442504,-4.001991535915049,1.0,14438.31480949951,0.0,1.0,376.45636219077016,15060.990281820534,1.0,1.0,0.3438392032432643,18.739794409161412,-0.0035811665362954735,-44.2191295308533,0.0,0.0,1.0,-0.4199839623019506,7.192682241853685
8.56,8.56,1.0,21.06288649065867,-0.02021328612181104,25.361719391150295,0.0007689570615912461,0.7284701883986624,0.002313088777672036,32.96759630865975,0.7284742665738019,1.0,0.0,2300.5890177316683,-1.2166736989053561,14444.988850424046,374.24005410569185,-0.28343642198442504,-4.001991535915049,1.0,14440.332374450061,0.0,1.0,377.5525304267327,14939.686913562633,1.0,1.0,0.37593511425471926,18.5737594502824,0.0076221252812802434,-44.231373630209596,0.0,0.0,1.0,-0.3033290143675033,7.02202609766841
8.6,8.6,1.0,22.566870197504077,0.05427543894589891,14.166506781585865,-0.001646627843830877,1.496476523613327,0.0009231521156893105,26.645008739480435,1.4964777142740595,1.0,0.0,2376.640056123664,-1.7969196536786112,14439.244405639489,377.6136615670293,-0.17871448600601042,-1.2093217713852367,1.0,14435.973778140431,0.0,1.0,377.74704816215853,14901.912343024236,1.0,1.0,0.37593511425471926,18.5737594502824,0.0076221252812802434,-44.231373630209596,0.0,0.0,1.0,-0.3033290143675033,7.02202609766841
8.64,8.64,1.0,24.075227720569764,0.027762101224568524,3.433572346312256,-0.0025399899053364303,0.727946109216455,0.0002527138168315148,24.31885646137407,0.7279505844055402,1.0,0.0,2376.640056123664,-1.7969196536786112,14439.244405639489,377.6136615670293,-0.17871448600601042,-1.2093217713852367,1.0,14442.71092015715,0.0,1.0,378.58861538952726,15159.723213225856,1.0,1.0,-0.5017338004647021,22.513259661313427,-0.06448723982649004,-42.416689411682064,0.0,0.0,1.0,-0.2561231440544944,2.3097502955605207
8.68,8.68,1.0,24.51072272106593,0.043113987544044996,0.4143858082792215,-3.90456011000494e-05,-0.037523875365425265,6.562251506702495e-05,24.514263250667007,0.03752395306085725,1.0,0.0,2376.640056123664,-1.7969196536786112,14439.244405639489,377.6136615670293,-0.17871448600601042,-1.2093217713852367,1.0,14436.393828627542,0.0,1.0,380.2265179857437,15336.78739195427,1.0,1.0,-0.5017338004647021,22.513259661313427,-0.06448723982649004,-42.416689411682064,0.0,0.0,1.0,-0.2561231440544944,2.3097502955605207
8.72,8.72,1.0,23.875628278245397,-0.050178012694484235,5.9018991543109145,-0.0013345913389940995,-0.8051303239185905,-0.0014389478218371466,24.594319611275388,0.8051327158910702,1.0,0.0,2376.640056123664,-1.7969196536786112,14439.244405639489,377.6136615670293,-0.17871448600601042,-1.2093217713852367,1.0,14439.088827912745,0.0,1.0,380.5099922862856,14859.875404091716,1.0,1.0,-1.809576652430787,22.34829777937088,0.0295802337671727,-42.39689969744639,0.0,0.0,1.0,0.7745590977689717,2.4983892720751797
8.76,8.76,1.0,22.160376379975265,0.03669028866464072,17.48188063916562,-0.00022892045707617113,-1.5545989716851198,0.0016235922807263368,28.225870724593804,1.554599836363333,1.0,0.0,2376.640056123664,-1.7969196536786112,14439.244405639489,377.6136615670293,-0.17871448600601042,-1.2093217713852367,1.0,14434.295182703685,0.0,1.0,381.08991410548487,15515.474199635213,1.0,1.0,-1.809576652430787,22.34829777937088,0.0295802337671727,-42.39689969744639,0.0,0.0,1.0,0.7745590977689717,2.4983892720751797
8.8,8.8,1.0,20.566331287403536,0.03342002191114922,28.887147766031532,-0.00012870438251487206,-0.7870684777251937,0.002637784939468867,35.460434368146686,0.787072908378162,1.0,0.0,2452.4563544410144,-8.27208294075403,14438.266014991184,382.32610842912334,0.2302610755616133,-1.3590911568107829,1.0,14443.62160415191,0.0,1.0,381.71581535547756,15481.35850471191,1.0,1.0,1.1556206580534436,18.27875388842311,0.06824841145331541,-44.41273222640825,0.0,0.0,1.0,0.054119397115792334,7.511423567907429
8.84,8.84,1.0,20.095658727343572,-0.008495405070842118,32.58239116653604,0.0035322837342233277,-0.017292804537113272,0.004041573189601835,38.28116751076086,0.018106695750047065,1.0,0.0,2452.4563544410144,-8.27208294075403,14438.266014991184,382.32610842912334,0.2302610755616133,-1.3590911568107829,1.0,14442.918382612212,0.0,1.0,383.80367961444165,15350.89413371836,1.0,1.0,1.1556206580534436,18.27875388842311,0.06824841145331541,-44.41273222640825,0.0,0.0,1.0,0.054119397115792334,7.511423567907429
8.88,8.88,1.0,20.679117930490634,-0.04428669876291157,27.128628786428077,-5.561927529072036e-05,0.7469468005885772,0.000435380591310602,34.111440595885725,0.7469469295467214,1.0,0.0,2452.4563544410144,-8.27208294075403,14438.266014991184,382.32610842912334,0.2302610755616133,-1.3590911568107829,1.0,14445.967491400894,0.0,1.0,383.7797123690841,15574.428971731342,1.0,1.0,0.3816926934396203,18.24109878536911,-0.032160165982776316,-44.43855668349124,0.0,0.0,1.0,-0.18741140254342634,8.199027930981075
8.92,8.92,1.0,22.328186003678184,0.0025904396709476034,15.326908038216517,-0.0038929953709969673,1.514866893051327,-0.00193755284617019,27.082503705107733,1.5148731343538215,1.0,0.0,2452.4563544410144,-8.27208294075403,14438.266014991184,382.32610842912334,0.2302610755616133,-1.3590911568107829,1.0,14439.414896008873,0.0,1.0,383.80693001506773,15606.86265903774,1.0,1.0,0.3816926934396203,18.24109878536911,-0.032160165982776316,-44.43855668349124,0.0,0.0,1.0,-0.18741140254342634,8.199027930981075
8.96,8.96,1.0,23.939543417124508,-0.014923855018592794,3.7094967081474777,0.0006869153676266662,0.7712979759944905,0.0010575600690143534,24.225241537899986,0.7712990069092656,1.0,0.0,2452.4563544410144,-8.27208294075403,14438.266014991184,382.32610842912334,0.2302610755616133,-1.3590911568107829,1.0,14433.559076923375,0.0,1.0,385.26498892026683,15871.874265053011,1.0,1.0,0.6419349973137323,22.128727792480618,-0.004819628278174146,-42.59581094112662,0.0,0.0,1.0,0.15501474610623142,2.441904506050871
9.0,9.0,1.0,24.476331740727403,-0.02370746030859938,-0.03259448846193702,7.394207560812897e-05,0.0027860586100871875,0.002940098214358272,24.4763649246879,0.004051143976639054,1.0,0.0,2539.1984197877337,4.146336942236465,14437.93582496116,385.80562142156805,0.043497956052968946,1.385985892642906,1.0,14438.895761035099,0.0,1.0,385.8723706891382,15761.133713509464,1.0,1.0,0.6419349973137323,22.128727792480618,-0.004819628278174146,-42.59581094112662,0.0,0.0,1.0,0.15501474610623142,2.441904506050871
9.040000000000001,9.040000000000001,1.0,23.8367941344956,0.01543147680761475,5.242319229711103,0.0007264504747011862,-0.7598030694310604,0.0017205216035920533,24.406452090523096,0.7598053647097666,1.0,0.0,2539.1984197877337,4.146336942236465,14437.93582496116,385.80562142156805,0.043497956052968946,1.385985892642906,1.0,14442.899743675574,0.0,1.0,387.1588583091836,15828.895799804064,1.0,1.0,0.2033137619109918,22.23129604834916,0.04188779370193113,-42.52409561163012,0.0,0.0,1.0,0.2750938097043034,2.4286372752986236
9.08,9.08,1.0,22.148632253072204,-0.03250080285123515,16.897967116928907,0.00031439546889776483,-1.529866836263557,-0.0004045588117547596,27.8586478435122,1.5298669220593692,1.0,0.0,2539.1984197877337,4.146336942236465,14437.93582496116,385.80562142156805,0.043497956052968946,1.385985892642906,1.0,14440.944896741328,0.0,1.0,388.20448837871845,16048.558258996172,1.0,1.0,0.2033137619109918,22.23129604834916,0.04188779370193113,-42.52409561163012,0.0,0.0,1.0,0.2750938097043034,2.4286372752986236
9.120000000000001,9.120000000000001,1.0,20.479170480101864,-0.01244130238955248,28.50646692873644,0.001993108403757202,-0.7602564560789759,0.00036794226433256035,35.10007457396957,0.7602591577037285,1.0,0.0,2539.1984197877337,4.146336942236465,14437.93582496116,385.80562142156805,0.043497956052968946,1.385985892642906,1.0,14445.239985139322,0.0,1.0,388.1030885778944,16017.063264657882,1.0,1.0,-0.07306821202825782,18.227238736930463,-0.014970994186600656,-44.46189971299994,0.0,0.0,1.0,0.6649875364574716,7.285326035308198
9.16,9.16,1.0,20.080660832691162,-0.05002880658206138,32.12393054066778,-0.003203992685256899,0.005022913719244055,-0.0019976719961915883,37.88380070347632,0.006283782679446986,1.0,0.0,2539.1984197877337,4.146336942236465,14437.93582496116,385.80562142156805,0.043497956052968946,1.385985892642906,1.0,14442.874483127576,0.0,1.0,389.980858774452,16290.725584608754,1.0,1.0,-0.07306821202825782,18.227238736930463,-0.014970994186600656,-44.46189971299994,0.0,0.0,1.0,0.6649875364574716,7.285326035308198
9.200000000000001,9.200000000000001,1.0,20.625776591538934,0.02225547879643955,26.236067673954068,-0.004485862253207764,0.7718303008453132,0.00038103395646603384,33.37295914812933,0.771843430658056,1.0,0.0,2604.892453509389,-1.8147106779495887,14438.419095413734,390.1662837915741,-0.08799080816166598,3.4549242428363316,1.0,14440.137091364917,0.0,1.0,390.0834058204888,15994.784443536606,1.0,1.0,0.9857098773155464,18.267890485653457,0.027395256493854374,-44.44771401428688,0.0,0.0,1.0,0.31446628029371293,8.089575979565945
9.24,9.24,1.0,22.4032326419574,0.027229747762978103,13.980725402135258,-0.0007533074131244651,1.543941817474672,-0.001398610287248664,26.407693141180257,1.5439426347276597,1.0,0.0,2604.892453509389,-1.8147106779495887,14438.419095413734,390.1662837915741,-0.08799080816166598,3.4549242428363316,1.0,14442.998812300391,0.0,1.0,390.1751599004988,16020.64785901564,1.0,1.0,0.9857098773155464,18.267890485653457,0.027395256493854374,-44.44771401428688,0.0,0.0,1.0,0.31446628029371293,8.089575979565945
9.28,9.28,1.0,24.10097175321921,0.0412624904964303,2.015698502018502,-0.000366676412469697,0.7732956990754642,0.003228851274084746,24.185152108135103,0.7733025269199323,1.0,0.0,2604.892453509389,-1.8147106779495887,14438.419095413734,390.1662837915741,-0.08799080816166598,3.4549242428363316,1.0,14442.042810749419,0.0,1.0,391.8160828987646,16057.011978241877,1.0,1.0,-0.16379767039295595,22.216280036683568,-0.14236432000641427,-42.48798303970998,0.0,0.0,1.0,0.15337296905238612,2.67541026856505
9.32,9.32,1.0,24.62104375981168,-0.009971064720191367,-1.9689745493046094,-0.00014986444079019925,0.004626938541699414,0.0039636204392327875,24.699650929122512,0.0060943667928326055,1.0,0.0,2604.892453509389,-1.8147106779495887,14438.419095413734,390.1662837915741,-0.08799080816166598,3.4549242428363316,1.0,14452.63038421769,0.0,1.0,392.73091844221415,16487.362451521094,1.0,1.0,-0.16379767039295595,22.216280036683568,-0.14236432000641427,-42.48798303970998,0.0,0.0,1.0,0.15337296905238612,2.67541026856505
9.36,9.36,1.0,23.92541722187154,-0.05633572736736864,3.658503090317881,-0.0006606826178617936,-0.7582964698399193,0.0017515886763954404,24.203582540951885,0.7582987806505405,1.0,0.0,2604.892453509389,-1.8147106779495887,14438.419095413734,390.1662837915741,-0.08799080816166598,3.4549242428363316,1.0,14442.642941190596,0.0,1.0,393.3568253772067,16271.067868571947,1.0,1.0,0.05398826803100702,22.28859648827832,0.05724914104636177,-42.5448990408057,0.0,0.0,1.0,-0.29438791532506875,2.4905703135788326
9.4,9.4,1.0,22.162295477667374,-0.025883423176695945,15.802741944054699,-0.00172141158041141,-1.5352924547367206,-0.0009312150675827706,27.21938029679252,1.5352937021921365,1.0,0.0,2685.1970795001644,7.81487452893402,14443.00567713408,394.5337279147584,-0.096349421829005,3.220698966619003,1.0,14439.895988570785,0.0,1.0,394.17263372939567,16706.72296251008,1.0,1.0,0.05398826803100702,22.28859648827832,0.05724914104636177,-42.5448990408057,0.0,0.0,1.0,-0.29438791532506875,2.4905703135788326
9.44,9.44,1.0,20.508096914911878,-0.00535062489895019,27.85773582419501,0.001560567846327143,-0.7646403869748043,-0.0038944599820140663,34.59241987706618,0.7646518969985839,1.0,0.0,2685.1970795001644,7.81487452893402,14443.00567713408,394.5337279147584,-0.096349421829005,3.220698966619003,1.0,14437.130049399166,0.0,1.0,395.55723330923945,16407.57634583241,1.0,1.0,0.6853745126915078,18.323264002417453,-0.00855255983590389,-44.34469538854432,0.0,0.0,1.0,0.05199862777500819,7.375009201909647
9.48,9.48,1.0,20.085503482180368,0.003261762999368769,31.750210417363725,-0.0003670062430625288,0.004121785181387838,0.0009441751050621505,37.56997900343637,0.0042444402802930764,1.0,0.0,2685.1970795001644,7.81487452893402,14443.00567713408,394.5337279147584,-0.096349421829005,3.220698966619003,1.0,14446.26658030189,0.0,1.0,396.28309798219556,16495.553647027846,1.0,1.0,0.6853745126915078,18.323264002417453,-0.00855255983590389,-44.34469538854432,0.0,0.0,1.0,0.05199862777500819,7.375009201909647
9.52,9.52,1.0,20.596319951128578,-0.04913486798483215,25.711340353790433,0.0004972362045866321,0.7746632779081672,-0.003495418943225439,32.94364631538169,0.774671323424882,1.0,0.0,2685.1970795001644,7.81487452893402,14443.00567713408,394.5337279147584,-0.096349421829005,3.220698966619003,1.0,14438.187662100521,0.0,1.0,396.3405979570795,16601.643518427998,1.0,1.0,-0.31322987356835047,18.266797466024624,-0.031209511503039404,-44.37976708516034,0.0,0.0,1.0,-0.2225113516082501,7.3378777371998485
9.56,9.56,1.0,22.38205866595628,-0.0220179699268595,12.934976107330472,-0.0016966962151341708,1.544053968360828,0.0024675792401588534,25.850931159525345,1.5440568723127313,1.0,0.0,2685.1970795001644,7.81487452893402,14443.00567713408,394.5337279147584,-0.096349421829005,3.220698966619003,1.0,14443.798364809621,0.0,1.0,397.06942722408246,16859.13180771672,1.0,1.0,-0.31322987356835047,18.266797466024624,-0.031209511503039404,-44.37976708516034,0.0,0.0,1.0,-0.2225113516082501,7.3378777371998485
9.6,9.6,1.0,24.24462073378256,0.032409799175602855,0.5054087220196689,0.0007237540623753005,0.7721353641258106,0.0004150273515579333,24.249909750271968,0.7721358148676588,1.0,0.0,2768.0813268218612,2.7744566112397107,14441.648830419792,398.0657204228852,-0.16195340723813595,5.91277322810205,1.0,14446.31899632814,0.0,1.0,398.5567864578229,16762.21356100476,1.0,1.0,1.0730530707789905,22.301079876756493,-0.03636912126666726,-42.527976326598775,0.0,0.0,1.0,0.1708857067141574,1.8890310422507481
9.64,9.64,1.0,24.750829842928226,-0.04747043473396043,-3.590954124990822,-0.0018299426698963606,0.006792295989321108,0.0011988566107992492,25.010013652206368,0.007135911445282382,1.0,0.0,2768.0813268218612,2.7744566112397107,14441.648830419792,398.0657204228852,-0.16195340723813595,5.91277322810205,1.0,14439.025227965918,0.0,1.0,399.49829916813235,16626.93482948989,1.0,1.0,1.0730530707789905,22.301079876756493,-0.03636912126666726,-42.527976326598775,0.0,0.0,1.0,0.1708857067141574,1.8890310422507481
9.68,9.68,1.0,24.073875597091963,0.06808687779376538,2.2192350581294957,0.0021389607787640355,-0.7641046116704425,0.00275104748049696,24.17604447237841,0.7641125578025078,1.0,0.0,2768.0813268218612,2.7744566112397107,14441.648830419792,398.0657204228852,-0.16195340723813595,5.91277322810205,1.0,14444.977503682529,0.0,1.0,400.98685376640515,16890.93104456001,1.0,1.0,-0.4140419064130974,22.372733090689433,0.03458294366760444,-42.523581426482906,0.0,0.0,1.0,-0.6619763543576364,2.6726072398167458
9.72,9.72,1.0,22.295961423568453,-0.02290213271784563,14.846263531745754,-0.0032239864194571364,-1.5278502730737267,0.0038512430041768974,26.786600403242282,1.5278585284942356,1.0,0.0,2768.0813268218612,2.7744566112397107,14441.648830419792,398.0657204228852,-0.16195340723813595,5.91277322810205,1.0,14442.711146265117,0.0,1.0,400.81975119445923,17041.462886244146,1.0,1.0,-0.4140419064130974,22.372733090689433,0.03458294366760444,-42.523581426482906,0.0,0.0,1.0,-0.6619763543576364,2.6726072398167458
9.76,9.76,1.0,20.414631469446533,0.01707651541281983,27.618292817447266,-5.680208654097214e-05,-0.7824430276610377,-0.0003895483007977734,34.34425086955537,0.7824431266933892,1.0,0.0,2768.0813268218612,2.7744566112397107,14441.648830419792,398.0657204228852,-0.16195340723813595,5.91277322810205,1.0,14442.65827180907,0.0,1.0,401.3039108752492,16828.04578324207,1.0,1.0,0.025694522241348224,18.382008205415364,0.002210350618604666,-44.3214227270762,0.0,0.0,1.0,0.18940773691335258,7.37914377815123
9.8,9.8,1.0,19.915447501419422,0.022361194302276045,31.98100068855321,-0.001194496411527517,-0.01633862425608179,0.0006482958599561419,37.67505745511272,0.016395052661721237,1.0,0.0,2841.679535672992,5.405305467919966,14454.157678399628,402.1315900811003,0.18159998776509972,6.437175343717487,1.0,14441.678273109532,0.0,1.0,402.6071823573422,16871.415337825456,1.0,1.0,0.025694522241348224,18.382008205415364,0.002210350618604666,-44.3214227270762,0.0,0.0,1.0,0.18940773691335258,7.37914377815123
9.84,9.84,1.0,20.442271862261865,0.032492349717993044,25.822935937165333,0.0003777244170595057,0.7540521767553763,0.0009057760358087521,32.93495946647511,0.7540528153753446,1.0,0.0,2841.679535672992,5.405305467919966,14454.157678399628,402.1315900811003,0.18159998776509972,6.437175343717487,1.0,14442.243930150578,0.0,1.0,403.1349769212487,16932.595964638353,1.0,1.0,0.796429947473808,18.337629065705258,0.039041955532280265,-44.46577158217914,0.0,0.0,1.0,-0.714217442710892,7.944249122100222
9.88,9.88,1.0,22.4291721115889,0.05427376080296473,12.790107228264246,-7.037048118889826e-05,1.5206572957949338,-0.0031856373759733517,25.819712433775987,1.5206606342283793,1.0,0.0,2841.679535672992,5.405305467919966,14454.157678399628,402.1315900811003,0.18159998776509972,6.437175343717487,1.0,14449.018264844186,0.0,1.0,403.66314814430666,17049.024654136712,1.0,1.0,0.796429947473808,18.337629065705258,0.039041955532280265,-44.46577158217914,0.0,0.0,1.0,-0.714217442710892,7.944249122100222
9.92,9.92,1.0,24.19523297826126,0.007748096553919737,0.11851962841727379,-0.0016414058655873246,0.7554099275579885,0.0027780343960253995,24.195524499536305,0.7554168189426859,1.0,0.0,2841.679535672992,5.405305467919966,14454.157678399628,402.1315900811003,0.18159998776509972,6.437175343717487,1.0,14444.040148131331,0.0,1.0,404.51303774126364,17354.959386773095,1.0,1.0,0.7019504698592036,22.232664825714483,0.06483255130513543,-42.508461061204706,0.0,0.0,1.0,-0.46961560215925374,1.301958790319402
9.96,9.96,1.0,24.72979775554223,-0.045262736381480644,-3.908742287883424,-0.0001297599087457476,-0.012837893196682755,-0.0040758265479814565,25.036837100928192,0.013469992628527362,1.0,0.0,2841.679535672992,5.405305467919966,14454.157678399628,402.1315900811003,0.18159998776509972,6.437175343717487,1.0,14443.931258063836,0.0,1.0,405.6804530868989,17179.104705004036,1.0,1.0,0.7019504698592036,22.232664825714483,0.06483255130513543,-42.508461061204706,0.0,0.0,1.0,-0.46961560215925374,1.301958790319402
10.0,10.0,1.0,23.974327483776005,0.04714615291409237,2.30938520682923,-0.000811264489043995,-0.7867626209937317,0.0035540086715374797,24.08534535962883,0.7867710663977386,1.0,0.0,2926.8075835196473,-6.545006018055162,14437.549661480556,406.44777919061323,-0.017748142549321173,6.761315264879655,1.0,14452.137520549713,0.0,1.0,406.3469183192323,17863.041070190837,1.0,1.0,-2.0293284666167755,22.241170363280578,-0.06374799802716381,-42.60509608499804,0.0,0.0,1.0,-0.11853033298734411,2.5803223060438394
10.040000000000001,10.040000000000001,1.0,22.016943565789845,0.025328387887327667,15.600763958206521,0.001706382470373343,-1.5476432898527435,0.0009182282106884722,26.983889296876452,1.547644502949694,1.0,0.0,2926.8075835196473,-6.545006018055162,14437.549661480556,406.44777919061323,-0.017748142549321173,6.761315264879655,1.0,14439.139898896716,0.0,1.0,407.4070182831851,17654.761371609435,1.0,1.0,-2.0293284666167755,22.241170363280578,-0.06374799802716381,-42.60509608499804,0.0,0.0,1.0,-0.11853033298734411,2.5803223060438394
10.08,10.08,1.0,20.099253583278745,-0.03620699470968642,28.746681913574687,-0.001962190579913207,-0.7812172472010772,0.0015862969380584654,35.07638844852263,0.7812213219403811,1.0,0.0,2926.8075835196473,-6.545006018055162,14437.549661480556,406.44777919061323,-0.017748142549321173,6.761315264879655,1.0,14449.406137744745,0.0,1.0,408.81944225684725,17531.06722137722,1.0,1.0,0.8499825535564367,18.14679035016759,0.0006075828987681564,-44.42327347562538,0.0,0.0,1.0,0.2655542602807695,8.027739885331314
10.120000000000001,10.120000000000001,1.0,19.492174880015394,-0.01538781947838372,33.327413782504856,0.0008672146647611102,-0.01689691282218677,-0.002099967818270121,38.60908737290207,0.017048976187241466,1.0,0.0,2926.8075835196473,-6.545006018055162,14437.549661480556,406.44777919061323,-0.017748142549321173,6.761315264879655,1.0,14447.029609253737,0.0,1.0,408.79310289915344,17563.775958770162,1.0,1.0,0.8499825535564367,18.14679035016759,0.0006075828987681564,-44.42327347562538,0.0,0.0,1.0,0.2655542602807695,8.027739885331314
10.16,10.16,1.0,20.089361791237724,-0.023902187940651225,26.926189706169936,0.00040251950993409815,0.7543309786834388,-0.002656914521352219,33.5946829213565,0.7543357651724093,1.0,0.0,2926.8075835196473,-6.545006018055162,14437.549661480556,406.44777919061323,-0.017748142549321173,6.761315264879655,1.0,14446.964781535733,0.0,1.0,409.31688628623886,17552.118783880032,1.0,1.0,-0.5376977276806272,18.043840168396848,-0.06777779524585854,-44.41432356514265,0.0,0.0,1.0,0.29344253691121697,7.430124863112256
10.200000000000001,10.200000000000001,1.0,21.999370534593268,-0.020776596423096642,13.380920193420552,-0.0002972049050119694,1.5272082334371122,-0.0009594210648278161,25.74920893557663,1.5272085637193238,1.0,0.0,3007.2953660292555,-1.1086422576132902,14447.114492838564,410.1233217905951,0.2660403909503745,9.896028663758027,1.0,14446.46459573751,0.0,1.0,410.4899927351586,17712.61731299204,1.0,1.0,-0.5376977276806272,18.043840168396848,-0.06777779524585854,-44.41432356514265,0.0,0.0,1.0,0.29344253691121697,7.430124863112256
10.24,10.24,1.0,23.830438322461433,-0.018384429868222446,0.30783940678294874,0.00013479917580904856,0.7539043810366862,-2.7657260980184688e-05,23.832433650978,0.7539043935951368,1.0,0.0,3007.2953660292555,-1.1086422576132902,14447.114492838564,410.1233217905951,0.2660403909503745,9.896028663758027,1.0,14446.181570021323,0.0,1.0,411.1533225795808,17708.970189165866,1.0,1.0,-1.1803669599314777,22.1102190409211,0.010884052780192582,-42.612844710005966,0.0,0.0,1.0,0.2537056168348584,3.0933963927874872
10.28,10.28,1.0,24.470187402016347,-0.028215972517302824,-3.9264043669294004,0.0024383074909125405,-0.013909318494389356,-0.0012672272006695167,24.78321042325927,0.014178164520724066,1.0,0.0,3007.2953660292555,-1.1086422576132902,14447.114492838564,410.1233217905951,0.2660403909503745,9.896028663758027,1.0,14451.987801504029,0.0,1.0,412.24370040840444,18020.51301148705,1.0,1.0,-1.1803669599314777,22.1102190409211,0.010884052780192582,-42.612844710005966,0.0,0.0,1.0,0.2537056168348584,3.0933963927874872
10.32,10.32,1.0,23.613493779294217,-0.04129136319010663,2.456897089236527,0.003482779406474747,-0.7808891603086425,0.0007397996801176891,23.74100117409836,0.7808972773313386,1.0,0.0,3007.2953660292555,-1.1086422576132902,14447.114492838564,410.1233217905951,0.2660403909503745,9.896028663758027,1.0,14450.752365281563,0.0,1.0,411.54680205111015,18235.809266188502,1.0,1.0,-0.8699230170844362,22.118108497685014,0.026036295197099,-42.63205806759832,0.0,0.0,1.0,-0.6642726349926403,2.656296916011405
10.36,10.36,1.0,21.586865904503316,0.007401939057605509,16.24846905275624,0.00034087679831381294,-1.5443380020563493,0.0029251917611202312,27.018615451686024,1.5443408100348923,1.0,0.0,3007.2953660292555,-1.1086422576132902,14447.114492838564,410.1233217905951,0.2660403909503745,9.896028663758027,1.0,14448.033595477624,0.0,1.0,414.0372786212292,18233.733366638564,1.0,1.0,-0.8699230170844362,22.118108497685014,0.026036295197099,-42.63205806759832,0.0,0.0,1.0,-0.6642726349926403,2.656296916011405
10.4,10.4,1.0,19.652221330201346,-0.013659002484550039,29.950130082840257,-0.006203357075102563,-0.7776440786235583,0.0017141749144944996,35.82206417501123,0.7776707099106418,1.0,0.0,3090.066412512472,-3.8986273867442374,14455.514269783582,414.3609277813084,0.019633921774440073,9.667055472695242,1.0,14447.243056665091,0.0,1.0,414.4083721663267,18377.885819301853,1.0,1.0,0.20523376435231847,17.95327125120704,0.01735940214922302,-44.531081347910686,0.0,0.0,1.0,-0.2778930503543173,7.665222542443161
10.44,10.44,1.0,18.99462086025878,0.056492986942307165,34.56221462756706,-0.0010569444521749346,-0.01701029017256572,-0.0003928197191370624,39.437868769046865,0.017047621847683395,1.0,0.0,3090.066412512472,-3.8986273867442374,14455.514269783582,414.3609277813084,0.019633921774440073,9.667055472695242,1.0,14455.929065680422,0.0,1.0,415.0385192402267,17929.77544101092,1.0,1.0,0.20523376435231847,17.95327125120704,0.01735940214922302,-44.531081347910686,0.0,0.0,1.0,-0.2778930503543173,7.665222542443161
10.48,10.48,1.0,19.70787407614383,-0.06962022079373466,28.038393035968433,-0.0023844823527750083,0.7506133969756916,0.0015129284394681532,34.27180519925568,0.750618709084673,1.0,0.0,3090.066412512472,-3.8986273867442374,14455.514269783582,414.3609277813084,0.019633921774440073,9.667055472695242,1.0,14449.330035394021,0.0,1.0,415.1313715523315,17893.87905686511,1.0,1.0,1.5956205598486508,17.888483474321422,0.001652862991766234,-44.53806539301292,0.0,0.0,1.0,-0.009166935053755544,8.183264702411964
10.52,10.52,1.0,21.60127812641112,0.06618965518939599,13.94814511493556,-0.0005856904529305219,1.52046056600472,-0.0015425169852179078,25.713232972777313,1.5204614612568612,1.0,0.0,3090.066412512472,-3.8986273867442374,14455.514269783582,414.3609277813084,0.019633921774440073,9.667055472695242,1.0,14449.463732206736,0.0,1.0,417.06593705840834,18325.17299381072,1.0,1.0,1.5956205598486508,17.888483474321422,0.001652862991766234,-44.53806539301292,0.0,0.0,1.0,-0.009166935053755544,8.183264702411964
10.56,10.56,1.0,23.52097634772123,-0.005352541087743924,0.3894756177887282,-0.00016321288433537295,0.757012393076667,0.0009487793239497445,23.524201330897707,0.7570130052332743,1.0,0.0,3090.066412512472,-3.8986273867442374,14455.514269783582,414.3609277813084,0.019633921774440073,9.667055472695242,1.0,14451.690126769865,0.0,1.0,417.8263039028292,18087.097115243618,1.0,1.0,0.5725227130763272,21.862177855542047,0.0005979720140449125,-42.695238044075786,0.0,0.0,1.0,-0.2882712621175688,3.418528140368919
10.6,10.6,1.0,24.105451782704044,-0.015912297658208882,-4.1160531623892584,0.007201560537634405,-0.01207425160158505,0.004539434609933691,24.45434424565707,0.01477350643867109,1.0,0.0,3179.352320931549,2.4817371968894273,14440.57344136432,418.3203722784572,0.21620033441769237,11.964838883890776,1.0,14454.208721288544,0.0,1.0,418.4971573719572,18375.348798498875,1.0,1.0,0.5725227130763272,21.862177855542047,0.0005979720140449125,-42.695238044075786,0.0,0.0,1.0,-0.2882712621175688,3.418528140368919
10.64,10.64,1.0,23.303444586665492,-0.028582278455375136,2.617347348725225,-0.0022059263492607262,-0.7837678073118406,0.0009706011270412757,23.44998621949083,0.7837715125953587,1.0,0.0,3179.352320931549,2.4817371968894273,14440.57344136432,418.3203722784572,0.21620033441769237,11.964838883890776,1.0,14457.805015264954,0.0,1.0,419.022226497397,18257.32595493059,1.0,1.0,0.7305105416442759,21.732467587240777,-0.011927315368058635,-42.77549463641552,0.0,0.0,1.0,-0.1367889798506886,2.9620994532449894
10.68,10.68,1.0,21.204142220609835,-0.027016642769480397,16.812577904137477,-0.00039865698776380185,-1.5516457337516234,0.0001781282302405634,27.0606569209531,1.5516457951886682,1.0,0.0,3179.352320931549,2.4817371968894273,14440.57344136432,418.3203722784572,0.21620033441769237,11.964838883890776,1.0,14445.762011150888,0.0,1.0,420.0950976726217,18392.488301615944,1.0,1.0,0.7305105416442759,21.732467587240777,-0.011927315368058635,-42.77549463641552,0.0,0.0,1.0,-0.1367889798506886,2.9620994532449894
10.72,10.72,1.0,19.213715542449616,-0.010783740730673097,30.969194454069324,0.0017724268811591982,-0.7830864641325173,0.0019010178392385739,36.445273855044526,0.783090777415647,1.0,0.0,3179.352320931549,2.4817371968894273,14440.57344136432,418.3203722784572,0.21620033441769237,11.964838883890776,1.0,14456.097176335803,0.0,1.0,421.0876078028327,18690.89995803626,1.0,1.0,0.7313665339188108,17.748531549315455,0.008881258256724473,-44.65054482239458,0.0,0.0,1.0,0.03258013830563415,8.59270609214756
10.76,10.76,1.0,18.54367049263137,-0.005877897703880388,35.87730334009402,0.0015816312734931754,-0.017148339762889073,0.002030881203718209,40.3862432623547,0.017340461140707593,1.0,0.0,3179.352320931549,2.4817371968894273,14440.57344136432,418.3203722784572,0.21620033441769237,11.964838883890776,1.0,14446.22782418987,0.0,1.0,422.21254867276593,18607.177585902755,1.0,1.0,0.7313665339188108,17.748531549315455,0.008881258256724473,-44.65054482239458,0.0,0.0,1.0,0.03258013830563415,8.59270609214756
10.8,10.8,1.0,19.241325741902102,-0.046144391103951,28.980091455750127,7.302659558354384e-05,0.7485351594999534,0.0017351152778052905,34.78615308415773,0.7485371740705545,1.0,0.0,3254.5352565169505,5.316439118150912,14448.916448109268,421.5198534718956,-0.04651297497389069,14.118129164207778,1.0,14451.038357909136,0.0,1.0,421.8919370983539,18735.094972184168,1.0,1.0,-0.6358048163743024,17.66717791756938,-0.08961355204891659,-44.61454643913291,0.0,0.0,1.0,0.004819790138794708,8.818917061267731
10.84,10.84,1.0,21.232071462633503,0.07756934022857548,14.498152103787179,0.0010734833829943947,1.5217968251773657,0.0024246559976360826,25.70998424778724,1.5217991353799587,1.0,0.0,3254.5352565169505,5.316439118150912,14448.916448109268,421.5198534718956,-0.04651297497389069,14.118129164207778,1.0,14450.20175511586,0.0,1.0,422.35039020280703,18536.59832859981,1.0,1.0,-0.6358048163743024,17.66717791756938,-0.08961355204891659,-44.61454643913291,0.0,0.0,1.0,0.004819790138794708,8.818917061267731
10.88,10.88,1.0,23.35694248869649,0.013284162359328477,0.3495376358259147,0.0017178883997414312,0.7693346688880233,-0.0012397092286462973,23.359561542291495,0.7693375857012121,1.0,0.0,3254.5352565169505,5.316439118150912,14448.916448109268,421.5198534718956,-0.04651297497389069,14.118129164207778,1.0,14457.219776212514,0.0,1.0,424.1064721740949,18960.114464628896,1.0,1.0,0.1221337429389278,21.635290561998936,-0.09197385994384415,-42.83006353574446,0.0,0.0,1.0,-0.04154165669355603,2.964780838968724
10.92,10.92,1.0,23.839413031915157,0.007259589863516784,-4.5895920144824,0.0018596284689292976,-0.0024422519901537414,0.0005349237265313694,24.277191379302753,0.0031159198030547004,1.0,0.0,3254.5352565169505,5.316439118150912,14448.916448109268,421.5198534718956,-0.04651297497389069,14.118129164207778,1.0,14454.92427838508,0.0,1.0,424.5932760834474,18962.1924053085,1.0,1.0,0.1221337429389278,21.635290561998936,-0.09197385994384415,-42.83006353574446,0.0,0.0,1.0,-0.04154165669355603,2.964780838968724
10.96,10.96,1.0,23.142114116628136,-0.05045739676895664,2.1183375557095707,-0.0009054065203829097,-0.7717842418590287,-0.0013713384356515387,23.23891877295193,0.77178599126441,1.0,0.0,3254.5352565169505,5.316439118150912,14448.916448109268,421.5198534718956,-0.04651297497389069,14.118129164207778,1.0,14455.810570940957,0.0,1.0,425.81699034302727,18882.08661338636,1.0,1.0,-1.5482935745279156,21.668347763001677,-0.0350038409561682,-42.773248670808925,0.0,0.0,1.0,0.0942751578621378,3.4488566203334408
11.0,11.0,1.0,20.935283963889734,-0.033414725373661004,16.71082339616619,0.001548899583002293,-1.5399140758315482,0.0005445422635768726,26.786915644964164,1.5399149510801973,1.0,0.0,3335.9534440719103,-2.438024198273361,14459.582899369345,426.207290134388,0.055342269859216024,14.022556263995185,1.0,14458.852292654949,0.0,1.0,425.7372223733585,19121.11038549132,1.0,1.0,-1.5482935745279156,21.668347763001677,-0.0350038409561682,-42.773248670808925,0.0,0.0,1.0,0.0942751578621378,3.4488566203334408
11.040000000000001,11.040000000000001,1.0,18.77791621081944,0.010322376942446294,31.172204846633882,-0.0005975398971208518,-0.7682473654074188,0.0004648055468879894,36.39116099786494,0.76824773839795,1.0,0.0,3335.9534440719103,-2.438024198273361,14459.582899369345,426.207290134388,0.055342269859216024,14.022556263995185,1.0,14455.358816028122,0.0,1.0,426.24713551453397,19220.05301127287,1.0,1.0,0.30267134995117306,17.697883933736957,0.05278090868905853,-44.65091153885126,0.0,0.0,1.0,-0.16315623069259225,8.260786573317686
11.08,11.08,1.0,18.23601874306321,-0.05871583894026901,36.151383199706444,-0.0007510674517549725,0.0007534361841612042,-0.001952687064062192,40.49047214344521,0.002223680546041838,1.0,0.0,3335.9534440719103,-2.438024198273361,14459.582899369345,426.207290134388,0.055342269859216024,14.022556263995185,1.0,14458.81138457287,0.0,1.0,427.64552871022477,19058.779720016893,1.0,1.0,0.30267134995117306,17.697883933736957,0.05278090868905853,-44.65091153885126,0.0,0.0,1.0,-0.16315623069259225,8.260786573317686
11.120000000000001,11.120000000000001,1.0,18.967439668419143,-0.042371506392575635,28.82412779760238,-0.00025641020752671824,0.7658391912981077,0.0008982155920014678,34.505012769338144,0.7658397609588992,1.0,0.0,3335.9534440719103,-2.438024198273361,14459.582899369345,426.207290134388,0.055342269859216024,14.022556263995185,1.0,14457.473869683832,0.0,1.0,428.7233637291766,19389.399082320895,1.0,1.0,-1.384156150674515,17.730802417168217,0.03452515212142842,-44.66241052810603,0.0,0.0,1.0,0.0606932369284115,8.173619253557556
11.16,11.16,1.0,21.074381912009553,0.0009049414532592097,13.69185684578875,2.843718915998346e-05,1.5317013611488886,-0.0005006140071111084,25.13158406622485,1.5317014432220188,1.0,0.0,3335.9534440719103,-2.438024198273361,14459.582899369345,426.207290134388,0.055342269859216024,14.022556263995185,1.0,14464.726155036746,0.0,1.0,428.7566624296811,19386.26428221478,1.0,1.0,-1.384156150674515,17.730802417168217,0.03452515212142842,-44.66241052810603,0.0,0.0,1.0,0.0606932369284115,8.173619253557556
11.200000000000001,11.200000000000001,1.0,23.187108118196644,-0.005716370778793341,-0.865245908942553,-0.002043178767556692,0.768181925330635,0.0003976274605586807,23.20324688582995,0.7681847454172432,1.0,0.0,3430.325890885386,-11.870116043099827,14449.686003654055,429.3537896509634,-0.12828442378041288,17.442164814447306,1.0,14463.712685849974,0.0,1.0,429.78515378139554,19319.179373236755,1.0,1.0,2.582467105502308,21.629900374359845,-0.009031087463973351,-42.858888189333044,0.0,0.0,1.0,-0.20272113968166508,2.9943338638594765
11.24,11.24,1.0,23.76017922332176,0.013064772251784174,-5.9344161255667265,0.0012186819515309533,-0.002982071560554975,-0.0001407554884793256,24.49007109348667,0.0032245540154872783,1.0,0.0,3430.325890885386,-11.870116043099827,14449.686003654055,429.3537896509634,-0.12828442378041288,17.442164814447306,1.0,14460.103841830642,0.0,1.0,431.0373587049093,19531.09408879753,1.0,1.0,2.582467105502308,21.629900374359845,-0.009031087463973351,-42.858888189333044,0.0,0.0,1.0,-0.20272113968166508,2.9943338638594765
11.28,11.28,1.0,23.010287286601237,-0.008007292999633103,1.006371979843675,-0.00044662507051334226,-0.770073989574841,0.00024518774058040875,23.032285377063175,0.7700741581241991,1.0,0.0,3430.325890885386,-11.870116043099827,14449.686003654055,429.3537896509634,-0.12828442378041288,17.442164814447306,1.0,14464.345519203647,0.0,1.0,431.3275430866115,19547.711714864963,1.0,1.0,0.7542460461149637,21.611110039124178,-0.03005700803353654,-42.83863330279643,0.0,0.0,1.0,0.3387758548750536,3.177572874239679
11.32,11.32,1.0,20.711887046082484,-0.07208503013078783,16.07135411529973,-0.0012354814315529805,-1.5406248963991958,0.002874126784526525,26.215947138347108,1.5406280727106636,1.0,0.0,3430.325890885386,-11.870116043099827,14449.686003654055,429.3537896509634,-0.12828442378041288,17.442164814447306,1.0,14461.682802155123,0.0,1.0,432.5607254730308,19607.91085735758,1.0,1.0,0.7542460461149637,21.611110039124178,-0.03005700803353654,-42.83863330279643,0.0,0.0,1.0,0.3387758548750536,3.177572874239679
11.36,11.36,1.0,18.544088521753704,-0.03522468541423128,30.98750502195131,-0.002476099465619573,-0.7683416386490226,-0.0008078669276241535,36.11246221689346,0.7683460531553485,1.0,0.0,3430.325890885386,-11.870116043099827,14449.686003654055,429.3537896509634,-0.12828442378041288,17.442164814447306,1.0,14460.78290954421,0.0,1.0,433.29475836095014,19674.438455919713,1.0,1.0,-0.9953453699516929,17.62857550046027,0.035091109180873874,-44.59511971410709,0.0,0.0,1.0,0.2615233021695816,8.449891788248957
11.4,11.4,1.0,17.88324873740896,-0.018956915894061593,36.266078525426046,0.001144761604955298,-5.506616939050194e-05,0.00040988295428436987,40.435620390703384,0.0012171751933900297,1.0,0.0,3506.3204801796815,-9.701633728209455,14460.660024101571,433.2703583989652,0.15981798471183042,17.63390979300016,1.0,14462.57926517158,0.0,1.0,433.2016699041757,19943.708367067255,1.0,1.0,-0.9953453699516929,17.62857550046027,0.035091109180873874,-44.59511971410709,0.0,0.0,1.0,0.2615233021695816,8.449891788248957
11.44,11.44,1.0,18.715504125799683,-0.07335791607213542,28.753079894971563,-2.2934108610874103e-05,0.7693473380463249,-0.002511446836197047,34.307653366461736,0.7693514375434354,1.0,0.0,3506.3204801796815,-9.701633728209455,14460.660024101571,433.2703583989652,0.15981798471183042,17.63390979300016,1.0,14463.885624932955,0.0,1.0,433.64480263587615,20007.298945653703,1.0,1.0,-0.6053555171229936,17.579295156451078,-0.08083854943784041,-44.615673170436935,0.0,0.0,1.0,-0.01605512770242079,8.650658171348764
11.48,11.48,1.0,20.861895580400006,-0.016253984896988757,13.117282235704977,0.001211002660940134,1.5327484362756965,0.0012886937053839791,24.643093244369297,1.5327494564228374,1.0,0.0,3506.3204801796815,-9.701633728209455,14460.660024101571,433.2703583989652,0.15981798471183042,17.63390979300016,1.0,14458.896832785083,0.0,1.0,435.47656521457276,19847.916494228597,1.0,1.0,-0.6053555171229936,17.579295156451078,-0.08083854943784041,-44.615673170436935,0.0,0.0,1.0,-0.01605512770242079,8.650658171348764
11.52,11.52,1.0,23.09415944480337,0.003310866361918768,-1.8807713699830944,0.0025718170003452673,0.7691017939769501,0.004110326146336267,23.170617436097487,0.769117077253051,1.0,0.0,3506.3204801796815,-9.701633728209455,14460.660024101571,433.2703583989652,0.15981798471183042,17.63390979300016,1.0,14463.387327833292,0.0,1.0,436.32303935287274,20049.40038462773,1.0,1.0,1.293319301085647,21.612308581124154,-0.001426809577629948,-42.927166993911726,0.0,0.0,1.0,-0.4369561009303524,3.1796571816305343
11.56,11.56,1.0,23.440638478996775,-0.05447508934091618,-7.157977565236145,-0.0017877044815425422,-0.0007284283899758511,-0.0005795793412309595,24.509246064757008,0.0020155414769812635,1.0,0.0,3506.3204801796815,-9.701633728209455,14460.660024101571,433.2703583989652,0.15981798471183042,17.63390979300016,1.0,14454.402965167434,0.0,1.0,437.11329854457233,20548.848957501297,1.0,1.0,1.293319301085647,21.612308581124154,-0.001426809577629948,-42.927166993911726,0.0,0.0,1.0,-0.4369561009303524,3.1796571816305343
11.6,11.6,1.0,22.79641187082082,-0.05944499911549006,0.04332362607572225,-0.0013229674248211492,-0.7702680014801974,9.173514127822802e-05,22.79653054367257,0.7702691430678243,1.0,0.0,3600.3507710811023,6.239622965801859,14470.268561397557,436.8323687451331,0.0006628428989493859,18.40226903403253,1.0,14460.978620902324,0.0,1.0,437.47788775198507,20268.179746567574,1.0,1.0,0.9022656039964628,21.58681053387755,0.03650590267242751,-42.878289853683256,0.0,0.0,1.0,-0.23179240463984485,3.4882547758841356
11.64,11.64,1.0,20.41490318154701,0.04624757313088972,15.503036090022109,-0.0011525924764029208,-1.5376051330476859,0.001761721496930779,25.634245429863675,1.537606574292215,1.0,0.0,3600.3507710811023,6.239622965801859,14470.268561397557,436.8323687451331,0.0006628428989493859,18.40226903403253,1.0,14466.876216911503,0.0,1.0,438.23026179188275,20142.48143724731,1.0,1.0,0.9022656039964628,21.58681053387755,0.03650590267242751,-42.878289853683256,0.0,0.0,1.0,-0.23179240463984485,3.4882547758841356
11.68,11.68,1.0,18.28339809611161,0.059425364663085345,30.98364863989353,-0.002217946447855097,-0.768363747929821,0.002937077329923764,35.97600117238211,0.76837256252579,1.0,0.0,3600.3507710811023,6.239622965801859,14470.268561397557,436.8323687451331,0.0006628428989493859,18.40226903403253,1.0,14467.156254694799,0.0,1.0,438.51831313355933,20358.05578033236,1.0,1.0,1.367322961547187,17.638675526227182,-0.03356771679467411,-44.6202671675659,0.0,0.0,1.0,-0.11046553071991776,8.695977201721831
11.72,11.72,1.0,17.516203409645524,0.02791666594460112,36.384769203434814,-0.002598237002624154,-0.004043700325021976,0.0002639082287383992,40.38155013388582,0.004813729883737144,1.0,0.0,3600.3507710811023,6.239622965801859,14470.268561397557,436.8323687451331,0.0006628428989493859,18.40226903403253,1.0,14465.549929661436,0.0,1.0,439.1979027662481,20334.37223234738,1.0,1.0,1.367322961547187,17.638675526227182,-0.03356771679467411,-44.6202671675659,0.0,0.0,1.0,-0.11046553071991776,8.695977201721831
11.76,11.76,1.0,18.39429841168811,0.0004394118745899795,28.693428016908005,-0.0010464449236049947,0.765902706135878,-0.004389034513694842,34.083178044495725,0.7659159966583813,1.0,0.0,3600.3507710811023,6.239622965801859,14470.268561397557,436.8323687451331,0.0006628428989493859,18.40226903403253,1.0,14465.300630433132,0.0,1.0,439.81916750717534,20212.637022140025,1.0,1.0,0.7183674120163172,17.605206780537024,-0.0447961166792603,-44.586783373761996,0.0,0.0,1.0,0.11256526042197686,8.454786833646754
11.8,11.8,1.0,20.570360495452118,-0.005686349682367421,12.655128279330537,0.0035903030264332627,1.53491315794514,-0.0019517153556654944,24.15143960540947,1.5349185978095952,1.0,0.0,3686.584147281978,-1.2448461281840084,14467.669192690042,440.4373336581476,-0.14455524683196302,21.76870517609252,1.0,14476.074012028992,0.0,1.0,440.9288498290509,20450.786500699396,1.0,1.0,0.7183674120163172,17.605206780537024,-0.0447961166792603,-44.586783373761996,0.0,0.0,1.0,0.11256526042197686,8.454786833646754
11.84,11.84,1.0,22.91782992123471,0.03144393675878876,-2.827681480543784,-0.0007280653524942653,0.7673399535438717,0.00252444072835233,23.091637005097976,0.7673444514589648,1.0,0.0,3686.584147281978,-1.2448461281840084,14467.669192690042,440.4373336581476,-0.14455524683196302,21.76870517609252,1.0,14472.434765891425,0.0,1.0,441.0975713625371,20619.96142285283,1.0,1.0,0.24481280045310208,21.582661958435075,0.036222164017821044,-42.87373474458006,0.0,0.0,1.0,0.49360088407916575,3.645816112511363
11.88,11.88,1.0,23.086916312622577,0.024640878498758713,-8.222368968474331,0.004146364252841644,-0.0005514165753081854,0.0029746563385385574,24.50742057934007,0.0051327358288904045,1.0,0.0,3686.584147281978,-1.2448461281840084,14467.669192690042,440.4373336581476,-0.14455524683196302,21.76870517609252,1.0,14469.835936379472,0.0,1.0,442.1697949890351,20373.166788441275,1.0,1.0,0.24481280045310208,21.582661958435075,0.036222164017821044,-42.87373474458006,0.0,0.0,1.0,0.49360088407916575,3.645816112511363
11.92,11.92,1.0,22.61919309266841,-0.06246414783172623,-0.8268047770889422,0.0013359298752202058,-0.7705314659240654,-0.0002133024984518925,22.634385436158848,0.7705326535492683,1.0,0.0,3686.584147281978,-1.2448461281840084,14467.669192690042,440.4373336581476,-0.14455524683196302,21.76870517609252,1.0,14474.623005598098,0.0,1.0,443.32241367148276,20859.068034357115,1.0,1.0,-0.29422448436218634,21.644950960750453,-0.07288648404248231,-42.80313960797862,0.0,0.0,1.0,0.08780190770724514,3.776017643436106
11.96,11.96,1.0,20.22363594801333,0.02572995145047181,15.120684972855758,0.001673973831709289,-1.5363544399584648,0.003314112173523246,25.25136089474238,1.5363589263931707,1.0,0.0,3686.584147281978,-1.2448461281840084,14467.669192690042,440.4373336581476,-0.14455524683196302,21.76870517609252,1.0,14471.713751719191,0.0,1.0,444.315826006466,20685.23249723648,1.0,1.0,-0.29422448436218634,21.644950960750453,-0.07288648404248231,-42.80313960797862,0.0,0.0,1.0,0.08780190770724514,3.776017643436106
12.0,12.0,1.0,17.884258843717042,-0.009229288238443935,30.981250205945194,-0.0002789751245739148,-0.7696768190725751,-0.0002847684018016828,35.77268041246297,0.7696769223108098,1.0,0.0,3774.7553763730307,-4.712284653987744,14481.496864156896,444.32444513759515,-0.06761788657112555,20.81939902395618,1.0,14469.093986442633,0.0,1.0,445.05333278013364,20730.950409736473,1.0,1.0,-0.41689402860932623,17.547578614212256,-0.06769880032720266,-44.644794986328996,0.0,0.0,1.0,-0.6626878510618731,9.055866977358699
12.040000000000001,12.040000000000001,1.0,17.29909301504339,-0.01925516470602703,36.684308026620904,0.0016201957759505042,-0.000983195267383208,-0.0017500746682274837,40.55856808735355,0.002579625676446901,1.0,0.0,3774.7553763730307,-4.712284653987744,14481.496864156896,444.32444513759515,-0.06761788657112555,20.81939902395618,1.0,14471.383447061236,0.0,1.0,445.96925559019303,20962.23415652461,1.0,1.0,-0.41689402860932623,17.547578614212256,-0.06769880032720266,-44.644794986328996,0.0,0.0,1.0,-0.6626878510618731,9.055866977358699
12.08,12.08,1.0,18.047332965872467,-0.05961442941789925,28.74693338147114,-0.00023420183818692453,0.7673453039834828,0.001541483923236057,33.94253909035094,0.7673468880295862,1.0,0.0,3774.7553763730307,-4.712284653987744,14481.496864156896,444.32444513759515,-0.06761788657112555,20.81939902395618,1.0,14480.639585363071,0.0,1.0,445.66409228015806,21189.445535575014,1.0,1.0,-0.24372555776662969,17.590777441927816,-0.03186499731574562,-44.693392695052204,0.0,0.0,1.0,0.36780362855059756,8.505479518519625
12.120000000000001,12.120000000000001,1.0,20.415032644813458,0.023176450156500855,12.26727232295208,-0.003238436626484677,1.5360919673632651,-0.0016666977913004566,23.81722203117121,1.536096285247529,1.0,0.0,3774.7553763730307,-4.712284653987744,14481.496864156896,444.32444513759515,-0.06761788657112555,20.81939902395618,1.0,14473.667985323851,0.0,1.0,447.05255676368347,20971.072083746352,1.0,1.0,-0.24372555776662969,17.590777441927816,-0.03186499731574562,-44.693392695052204,0.0,0.0,1.0,0.36780362855059756,8.505479518519625
12.16,12.16,1.0,22.685893791181222,0.009131045417906828,-3.669242307154286,-0.001335254630238095,0.7695625555669056,0.003421181466488283,22.980713644039778,0.7695713185392377,1.0,0.0,3774.7553763730307,-4.712284653987744,14481.496864156896,444.32444513759515,-0.06761788657112555,20.81939902395618,1.0,14476.557143487673,0.0,1.0,447.53958476405955,20961.90425749176,1.0,1.0,-0.848662798029133,21.64393999425186,-0.03330097532058479,-42.8299518271466,0.0,0.0,1.0,0.5775134554250053,3.3366638870635876
12.200000000000001,12.200000000000001,1.0,22.68492589995493,-0.0009118796566329466,-9.161651116147322,0.006347905817133653,0.0027328586353107236,-2.5323622900168062e-05,24.465112202726026,0.006911227522637961,1.0,0.0,3864.282174556712,1.9062678062253693,14477.697292052339,447.9370407207651,-0.1740702508129328,22.661951145699895,1.0,14474.648700923433,0.0,1.0,448.9811197143382,21042.383853564792,1.0,1.0,-0.848662798029133,21.64393999425186,-0.03330097532058479,-42.8299518271466,0.0,0.0,1.0,0.5775134554250053,3.3366638870635876
12.24,12.24,1.0,22.445384774306525,-0.002782503123901505,-1.6858811326461351,0.0018465565785972574,-0.7683008248991569,-0.0003102671320797974,22.508609477317943,0.7683031065781369,1.0,0.0,3864.282174556712,1.9062678062253693,14477.697292052339,447.9370407207651,-0.1740702508129328,22.661951145699895,1.0,14469.226338114673,0.0,1.0,449.85817930235095,21178.803967879852,1.0,1.0,0.6970857958895689,21.56907588209829,0.0420781733569357,-42.85428369537956,0.0,0.0,1.0,0.6453125512815414,3.1615793550892306
12.280000000000001,12.280000000000001,1.0,19.98269415106504,0.008297428463415779,14.836848418817041,-0.0024586754099907007,-1.5388124243545434,-0.0014361676677628627,24.888555711115135,1.5388150587417089,1.0,0.0,3864.282174556712,1.9062678062253693,14477.697292052339,447.9370407207651,-0.1740702508129328,22.661951145699895,1.0,14479.033559503918,0.0,1.0,450.62388567130733,21466.09475698217,1.0,1.0,0.6970857958895689,21.56907588209829,0.0420781733569357,-42.85428369537956,0.0,0.0,1.0,0.6453125512815414,3.1615793550892306
12.32,12.32,1.0,17.614532294241386,-0.03892845728142008,31.130236668222466,-0.0009285348454903748,-0.7677487062811049,0.0003382351760251283,35.76821072389841,0.7677493422832115,1.0,0.0,3864.282174556712,1.9062678062253693,14477.697292052339,447.9370407207651,-0.1740702508129328,22.661951145699895,1.0,14477.863310334043,0.0,1.0,451.0190836854168,21366.65270894963,1.0,1.0,0.8122139522951675,17.453914856616645,0.06161453939737408,-44.67547998586959,0.0,0.0,1.0,-0.09745473487497103,7.67777722202081
12.36,12.36,1.0,16.848619739558618,-0.07754567108588419,37.07668409616372,0.0011008377119257104,0.0016396930533395227,0.0002367780052494556,40.72545277865021,0.001989095473057448,1.0,0.0,3864.282174556712,1.9062678062253693,14477.697292052339,447.9370407207651,-0.1740702508129328,22.661951145699895,1.0,14485.60501299494,0.0,1.0,451.4979298169218,21779.13496403775,1.0,1.0,0.8122139522951675,17.453914856616645,0.06161453939737408,-44.67547998586959,0.0,0.0,1.0,-0.09745473487497103,7.67777722202081
12.4,12.4,1.0,17.760779560429143,0.060961054078189636,28.964828519007295,0.004293650247809729,0.7661564894967952,-0.001441675049563233,33.97661398638437,0.766169876892489,1.0,0.0,3960.6729679769105,1.4925815255649049,14486.531165875906,451.1993511578502,0.03938339061616152,24.940258356551944,1.0,14488.824770803727,0.0,1.0,452.2074931381908,21242.762429042057,1.0,1.0,-2.439302095386656,17.534301332852824,-0.03845703810303085,-44.5755969530505,0.0,0.0,1.0,0.24797413784886027,8.992437414783488
12.44,12.44,1.0,20.210055543563648,0.08642292604054362,11.854243931218383,0.0018894041012697581,1.5347364160746806,0.0004568389231001307,23.430256361740923,1.5347376470835055,1.0,0.0,3960.6729679769105,1.4925815255649049,14486.531165875906,451.1993511578502,0.03938339061616152,24.940258356551944,1.0,14487.246897066017,0.0,1.0,452.7546475935613,21347.713198196852,1.0,1.0,-2.439302095386656,17.534301332852824,-0.03845703810303085,-44.5755969530505,0.0,0.0,1.0,0.24797413784886027,8.992437414783488
12.48,12.48,1.0,22.612779734906816,-0.02628774468333544,-4.5376887787885165,-0.003248199612237365,0.7693741884149253,0.0038408649071312155,23.06358857242463,0.7693906321518874,1.0,0.0,3960.6729679769105,1.4925815255649049,14486.531165875906,451.1993511578502,0.03938339061616152,24.940258356551944,1.0,14480.387756772567,0.0,1.0,452.70752810955935,21592.721924935384,1.0,1.0,0.42131927569386246,21.58951309054244,-0.022477741939009102,-42.8529066100018,0.0,0.0,1.0,-0.2550944368377758,3.264345908954326
12.52,12.52,1.0,22.341361089801293,-0.054609956837423576,-10.122247425545527,0.0006275880224395518,-0.00282397598323571,0.0010004456179813397,24.527521084207347,0.0030609799924762246,1.0,0.0,3960.6729679769105,1.4925815255649049,14486.531165875906,451.1993511578502,0.03938339061616152,24.940258356551944,1.0,14491.131759378271,0.0,1.0,453.96791676291184,21874.974200655834,1.0,1.0,0.42131927569386246,21.58951309054244,-0.022477741939009102,-42.8529066100018,0.0,0.0,1.0,-0.2550944368377758,3.264345908954326
12.56,12.56,1.0,22.17239074425409,0.0017317190916206204,-2.5124269423524055,0.0008427572965590834,-0.7702352591187879,0.0021224125575322363,22.314282499228913,0.7702386443594683,1.0,0.0,3960.6729679769105,1.4925815255649049,14486.531165875906,451.1993511578502,0.03938339061616152,24.940258356551944,1.0,14488.688879122748,0.0,1.0,456.17646223735704,21685.48550069337,1.0,1.0,0.12124619994789394,21.499133837553664,-0.009230696782371917,-42.865891505062145,0.0,0.0,1.0,-0.08695705834836016,3.956738181659713
12.6,12.6,1.0,19.75749987847896,-0.0846650470254541,14.448059937017996,0.001090695511231379,-1.5372189764990454,0.0008550309999463852,24.476772776694816,1.5372196012292718,1.0,0.0,4054.386723346689,3.213251220133307,14487.879331675218,455.3379078601616,0.11031218361207097,23.778581537604378,1.0,14486.001137157624,0.0,1.0,455.6116678668739,21682.71083438302,1.0,1.0,0.12124619994789394,21.499133837553664,-0.009230696782371917,-42.865891505062145,0.0,0.0,1.0,-0.08695705834836016,3.956738181659713
12.64,12.64,1.0,17.25918350591787,-0.012722159515562334,31.351539213339453,-0.0010834636003928158,-0.7670776321057209,-0.0009301715635773435,35.78824650901259,0.7670789612480783,1.0,0.0,4054.386723346689,3.213251220133307,14487.879331675218,455.3379078601616,0.11031218361207097,23.778581537604378,1.0,14488.521991588508,0.0,1.0,456.75225171237315,21837.463044883476,1.0,1.0,0.41835963902134654,17.553457171272782,0.024661978811974482,-44.70524082269423,0.0,0.0,1.0,0.10370158222158272,7.999875548560614
12.68,12.68,1.0,16.52621955527079,-0.018352817238706767,37.517602275170184,-0.0032886650437854497,-0.001980202520058541,-0.0005834151743939198,40.99617970119618,0.0038828975078381398,1.0,0.0,4054.386723346689,3.213251220133307,14487.879331675218,455.3379078601616,0.11031218361207097,23.778581537604378,1.0,14490.462986993221,0.0,1.0,456.53456010752603,21759.63325272575,1.0,1.0,0.41835963902134654,17.553457171272782,0.024661978811974482,-44.70524082269423,0.0,0.0,1.0,0.10370158222158272,7.999875548560614
12.72,12.72,1.0,17.41387420333073,-0.008687493425769185,29.176425548007508,0.0015781936794213502,0.7701795982035844,-2.9795112306704635e-05,33.978035522972704,0.7701812157356691,1.0,0.0,4054.386723346689,3.213251220133307,14487.879331675218,455.3379078601616,0.11031218361207097,23.778581537604378,1.0,14490.963485106517,0.0,1.0,458.1787002508617,21986.231863244015,1.0,1.0,-0.2489836867436455,17.591379665834168,0.03768467484822235,-44.67271922860159,0.0,0.0,1.0,0.6744357902704059,8.64183921030569
12.76,12.76,1.0,19.8730987694887,-0.008893825943970857,11.652655501792255,0.0026887964810422796,1.534747636231165,0.005678286407631423,23.03745893204028,1.5347604958038865,1.0,0.0,4054.386723346689,3.213251220133307,14487.879331675218,455.3379078601616,0.11031218361207097,23.778581537604378,1.0,14491.921627102223,0.0,1.0,458.21814001604855,21632.92635145862,1.0,1.0,-0.2489836867436455,17.591379665834168,0.03768467484822235,-44.67271922860159,0.0,0.0,1.0,0.6744357902704059,8.64183921030569
12.8,12.8,1.0,22.31902893437625,0.01933098435100861,-5.298566865381273,-0.002725345537065275,0.7737524648073978,-0.0030083344037309264,22.93935999733638,0.7737631125736768,1.0,0.0,4137.916659261623,-1.2967944698935165,14489.744854242774,458.0953725842009,-0.08370801610532248,27.077526871655635,1.0,14501.980766292407,0.0,1.0,459.1732660707404,21922.076275020856,1.0,1.0,1.2270785714349146,21.501738858861113,0.004881049931681633,-42.925814118841274,0.0,0.0,1.0,0.2275959875613936,3.198195071310869
12.84,12.84,1.0,21.828817000035187,0.0963028288699326,-11.240676922064399,-0.0005011534786251904,0.004679725896874175,-0.0021521457877408056,24.553194161292023,0.005175202485961629,1.0,0.0,4137.916659261623,-1.2967944698935165,14489.744854242774,458.0953725842009,-0.08370801610532248,27.077526871655635,1.0,14497.099993050399,0.0,1.0,458.69900689023194,22226.38482740357,1.0,1.0,1.2270785714349146,21.501738858861113,0.004881049931681633,-42.925814118841274,0.0,0.0,1.0,0.2275959875613936,3.198195071310869
12.88,12.88,1.0,22.193018328294134,-0.01868340984086029,-3.6009870966184,-0.0006223281150546081,-0.7603772861543953,0.0014321692221266793,22.483271996304605,0.7603788895678829,1.0,0.0,4137.916659261623,-1.2967944698935165,14489.744854242774,458.0953725842009,-0.08370801610532248,27.077526871655635,1.0,14495.49412857736,0.0,1.0,459.8294783387629,22363.77528475384,1.0,1.0,0.5418100856221083,21.522551025169513,0.024642467912878902,-42.92105817803507,0.0,0.0,1.0,-0.1808749849904077,4.149542848965062
12.92,12.92,1.0,19.45442156256085,0.020546849334509627,13.790679816965616,0.002447721940259414,-1.5291875586148234,0.0006629213071391106,23.846546716892007,1.529189661300952,1.0,0.0,4137.916659261623,-1.2967944698935165,14489.744854242774,458.0953725842009,-0.08370801610532248,27.077526871655635,1.0,14499.505541742992,0.0,1.0,461.7966869874506,22085.739476414725,1.0,1.0,0.5418100856221083,21.522551025169513,0.024642467912878902,-42.92105817803507,0.0,0.0,1.0,-0.1808749849904077,4.149542848965062
12.96,12.96,1.0,17.020821136258956,0.03172185753652941,30.99365188316131,0.0024955597008793585,-0.7606065304155119,0.0012286831268773512,35.35980508265499,0.760611616786892,1.0,0.0,4137.916659261623,-1.2967944698935165,14489.744854242774,458.0953725842009,-0.08370801610532248,27.077526871655635,1.0,14496.050730845747,0.0,1.0,462.06316317129046,22464.035541047393,1.0,1.0,0.9539601081740502,17.574245566723025,-0.052902660560204304,-44.720446309084,0.0,0.0,1.0,-0.21496963716336853,8.542812837102812
13.0,13.0,1.0,16.323132288373266,0.02873589645804992,37.36001240908214,0.0004115775416714741,0.006528404113401751,-0.0012271848697754338,40.770283303679044,0.006655481879270274,1.0,0.0,4228.166989506623,-0.3348618851476888,14499.739775625565,461.8767265355671,-0.08088906111000271,26.93823415182965,1.0,14498.359420630575,0.0,1.0,463.216413503262,22522.572986015726,1.0,1.0,0.9539601081740502,17.574245566723025,-0.052902660560204304,-44.720446309084,0.0,0.0,1.0,-0.21496963716336853,8.542812837102812
13.040000000000001,13.040000000000001,1.0,17.232042042068834,-0.021935860098120666,28.656581471943674,0.0004547514674128985,0.7742084457944168,0.0006090411645154145,33.43865152454165,0.774208818904463,1.0,0.0,4228.166989506623,-0.3348618851476888,14499.739775625565,461.8767265355671,-0.08088906111000271,26.93823415182965,1.0,14490.934317801628,0.0,1.0,463.168049294508,22638.264604032418,1.0,1.0,-1.496200883780674,17.63225867268424,-0.047831033267539694,-44.64923246916295,0.0,0.0,1.0,0.16154374112002073,8.287328654104687
13.08,13.08,1.0,19.820439996565987,0.0975144339600234,10.572474488955002,0.0028107901657470646,1.5416305343405365,-0.001482849231491763,22.464117332802275,1.5416338098894586,1.0,0.0,4228.166989506623,-0.3348618851476888,14499.739775625565,461.8767265355671,-0.08088906111000271,26.93823415182965,1.0,14496.630744012686,0.0,1.0,463.6278823241512,22948.87218517372,1.0,1.0,-1.496200883780674,17.63225867268424,-0.047831033267539694,-44.64923246916295,0.0,0.0,1.0,0.16154374112002073,8.287328654104687
13.120000000000001,13.120000000000001,1.0,21.852063465578667,-0.005308094845885951,-6.664741347827945,0.0013467866354518983,0.7744212219178751,-0.0019056062158248545,22.845819817047413,0.7744247375478562,1.0,0.0,4228.166989506623,-0.3348618851476888,14499.739775625565,461.8767265355671,-0.08088906111000271,26.93823415182965,1.0,14504.752760015948,0.0,1.0,464.7918682791548,22898.292765414648,1.0,1.0,-1.0400644478733545,21.617873672161206,-0.06918828246372455,-42.85551263050593,0.0,0.0,1.0,-0.003330383901154063,3.6683905905892638
13.16,13.16,1.0,21.414674877854694,-0.005018041363579594,-12.854188155062019,0.002426805911534514,0.006301824482731836,-0.00036801213563826497,24.976358390099563,0.006762973582337453,1.0,0.0,4228.166989506623,-0.3348618851476888,14499.739775625565,461.8767265355671,-0.08088906111000271,26.93823415182965,1.0,14503.558372984655,0.0,1.0,465.31908509595803,22714.544815428086,1.0,1.0,-1.0400644478733545,21.617873672161206,-0.06918828246372455,-42.85551263050593,0.0,0.0,1.0,-0.003330383901154063,3.6683905905892638
13.200000000000001,13.200000000000001,1.0,21.782132945218372,0.011950718060820391,-4.980348029354321,-0.0018957430284415311,-0.7618945330902793,-0.0021755711278450595,22.344245902610435,0.7618999977058779,1.0,0.0,4330.030523187478,7.705229730128033,14507.946984326114,465.54933240382707,-0.12401463264795226,27.088867979397325,1.0,14509.393132145382,0.0,1.0,466.2436157899001,22823.8431569298,1.0,1.0,1.423078915987073,21.66912292607751,0.00029505352341248575,-42.800146388167214,0.0,0.0,1.0,0.22217553598512682,2.8448630905628285
13.24,13.24,1.0,19.338333967814012,0.08893376710768411,12.895859650381162,-4.519956843090913e-05,-1.5270397775776605,0.0009677682106877233,23.243972680847182,1.5270400849102623,1.0,0.0,4330.030523187478,7.705229730128033,14507.946984326114,465.54933240382707,-0.12401463264795226,27.088867979397325,1.0,14507.63331514545,0.0,1.0,467.4548058858476,22735.512978241823,1.0,1.0,1.423078915987073,21.66912292607751,0.00029505352341248575,-42.800146388167214,0.0,0.0,1.0,0.22217553598512682,2.8448630905628285
13.280000000000001,13.280000000000001,1.0,16.818987848090924,-0.05750003635966116,30.49696352453422,-0.0009042374335628321,-0.7610353099035557,0.00021293440485014605,34.82738064662891,0.7610358768851821,1.0,0.0,4330.030523187478,7.705229730128033,14507.946984326114,465.54933240382707,-0.12401463264795226,27.088867979397325,1.0,14516.287951192211,0.0,1.0,467.2991476607191,22938.854476136916,1.0,1.0,-0.6579155809344035,17.64771090096377,0.050230559717833495,-44.64195279461602,0.0,0.0,1.0,0.08321539037740092,7.843238686808067
13.32,13.32,1.0,15.964735510165475,0.02256156734704873,37.102984619111126,-0.0019143643074984126,0.007004061091333267,-0.00014131259342515203,40.39188973766709,0.0072623434043022905,1.0,0.0,4330.030523187478,7.705229730128033,14507.946984326114,465.54933240382707,-0.12401463264795226,27.088867979397325,1.0,14516.80011919237,0.0,1.0,467.82105449650203,23012.373414974674,1.0,1.0,-0.6579155809344035,17.64771090096377,0.050230559717833495,-44.64195279461602,0.0,0.0,1.0,0.08321539037740092,7.843238686808067
13.36,13.36,1.0,16.97548218995723,-0.0684554296925861,28.166750498788442,-0.001916295543128677,0.774056064619125,0.000888033287141993,32.88673768236078,0.7740589460534479,1.0,0.0,4330.030523187478,7.705229730128033,14507.946984326114,465.54933240382707,-0.12401463264795226,27.088867979397325,1.0,14516.331600317299,0.0,1.0,468.45307920282,22960.797966657246,1.0,1.0,-0.22098219526654314,17.75199058590493,-0.03305194859315673,-44.572831713820726,0.0,0.0,1.0,-0.310273275600686,8.14143808843401
13.4,13.4,1.0,19.6398492984395,0.034205970954099815,9.813850409950861,-0.0014377760052377935,1.5434721247153997,-0.003433242246402367,21.955329885537044,1.5434766127562913,1.0,0.0,4421.6922129887525,0.5415617773016916,14508.959812305546,468.70727825915793,-0.09767331116172019,29.823185425395568,1.0,14508.467410586083,0.0,1.0,469.15150848014434,23109.85606037799,1.0,1.0,-0.22098219526654314,17.75199058590493,-0.03305194859315673,-44.572831713820726,0.0,0.0,1.0,-0.310273275600686,8.14143808843401
13.44,13.44,1.0,21.435444500582506,0.041986723980767686,-7.8701439215962905,-0.002335081251316641,0.7758236615445704,-0.0006820353493589403,22.834605518142467,0.7758274754022908,1.0,0.0,4421.6922129887525,0.5415617773016916,14508.959812305546,468.70727825915793,-0.09767331116172019,29.823185425395568,1.0,14509.486871062038,0.0,1.0,470.3614722949164,23105.837185520486,1.0,1.0,0.2925765197536153,21.71906893578498,-0.05255623492294427,-42.83426802477637,0.0,0.0,1.0,-0.04373904273466157,2.5674426065351814
13.48,13.48,1.0,20.96030616047238,0.09561204298916794,-14.24619084017203,-0.0005120630634751767,0.0077213396642660664,-0.00249789019917955,25.343589514078356,0.008131466672077137,1.0,0.0,4421.6922129887525,0.5415617773016916,14508.959812305546,468.70727825915793,-0.09767331116172019,29.823185425395568,1.0,14503.471305840443,0.0,1.0,470.4829178325596,23077.631163755523,1.0,1.0,0.2925765197536153,21.71906893578498,-0.05255623492294427,-42.83426802477637,0.0,0.0,1.0,-0.04373904273466157,2.5674426065351814
13.52,13.52,1.0,21.298500231914446,0.05192345205026355,-6.0703927152439325,-0.0030865249011677314,-0.7638001182714539,0.00035985108889437754,22.146748652816267,0.7638064393550624,1.0,0.0,4421.6922129887525,0.5415617773016916,14508.959812305546,468.70727825915793,-0.09767331116172019,29.823185425395568,1.0,14509.862321023911,0.0,1.0,471.05506131484753,22937.334578265756,1.0,1.0,1.3628054887922887,21.791823631758014,-0.010431496896891082,-42.773733927965054,0.0,0.0,1.0,0.05596381106843586,3.3003094895857306
13.56,13.56,1.0,19.18273642022303,-0.03362168527424204,12.001954690820611,-0.0022431383201982165,-1.535635566342485,-3.304134850966123e-05,22.627978773765513,1.5356372049990386,1.0,0.0,4421.6922129887525,0.5415617773016916,14508.959812305546,468.70727825915793,-0.09767331116172019,29.823185425395568,1.0,14508.050686469913,0.0,1.0,472.9975442844046,23091.604746842324,1.0,1.0,1.3628054887922887,21.791823631758014,-0.010431496896891082,-42.773733927965054,0.0,0.0,1.0,0.05596381106843586,3.3003094895857306
13.6,13.6,1.0,16.57384021023181,0.05346471850609622,30.36792998463957,0.0007130646472042217,-0.7755633525559934,0.00038351098041308095,34.596332310555596,0.7755637751789051,1.0,0.0,4502.27376486344,3.481846015845405,14522.449934316328,472.33053766235327,-0.08883366601576681,28.047496727283743,1.0,14512.356192307465,0.0,1.0,472.8082261414815,23269.40129572459,1.0,1.0,0.49151464711306203,17.721103209027444,0.10253403629635698,-44.611434307828084,0.0,0.0,1.0,-0.03411295797494582,8.33556373301848
13.64,13.64,1.0,15.682572078264505,-0.01972455614403137,37.56083531206338,-0.0034911110141089084,-0.0076656267169292035,-0.0017895093481602572,40.703314427550296,0.008611157458976365,1.0,0.0,4502.27376486344,3.481846015845405,14522.449934316328,472.33053766235327,-0.08883366601576681,28.047496727283743,1.0,14513.13492999752,0.0,1.0,473.80279233930514,23311.837862489603,1.0,1.0,0.49151464711306203,17.721103209027444,0.10253403629635698,-44.611434307828084,0.0,0.0,1.0,-0.03411295797494582,8.33556373301848
13.68,13.68,1.0,16.582523372140226,0.03873577101495708,28.5060092741242,0.0006689552999579547,0.7612786997733089,0.0011568996206546144,32.9783890841258,0.761279872744883,1.0,0.0,4502.27376486344,3.481846015845405,14522.449934316328,472.33053766235327,-0.08883366601576681,28.047496727283743,1.0,14515.856779107186,0.0,1.0,474.45936624043514,23528.77670214065,1.0,1.0,0.7287862879059105,17.71242562617078,0.004358803589298073,-44.60695494099581,0.0,0.0,1.0,-0.049911303438179296,8.063499669798034
13.72,13.72,1.0,19.345553719412177,0.008673128300477142,9.797893245561665,-0.00025884585953727193,1.5283321283937672,0.003687453464741802,21.685230826192274,1.528336598722564,1.0,0.0,4502.27376486344,3.481846015845405,14522.449934316328,472.33053766235327,-0.08883366601576681,28.047496727283743,1.0,14514.258471334111,0.0,1.0,475.0642114046054,24394.608603242537,1.0,1.0,0.7287862879059105,17.71242562617078,0.004358803589298073,-44.60695494099581,0.0,0.0,1.0,-0.049911303438179296,8.063499669798034
13.76,13.76,1.0,21.039231597276334,0.05106879061568688,-8.050210548130844,-0.0004613268851994019,0.7599914345349138,8.705240793398144e-06,22.526823213547953,0.759991574601135,1.0,0.0,4502.27376486344,3.481846015845405,14522.449934316328,472.33053766235327,-0.08883366601576681,28.047496727283743,1.0,14518.936699341335,0.0,1.0,475.94128426681215,23343.01852717872,1.0,1.0,-0.8890723355864467,21.79658922924395,-0.0013237532338057636,-42.834998526264854,0.0,0.0,1.0,-0.21931632799641618,2.529733167965857
13.8,13.8,1.0,20.65316307884278,0.010969558462015161,-14.424012569547962,-0.001678901338659137,-0.005771366940474323,0.00020890246730423802,25.191375589653,0.006014235305290041,1.0,0.0,4607.114170399151,5.908032241385772,14518.006939407356,475.63149854392464,0.3591289122263441,29.917678956704968,1.0,14517.692082389545,0.0,1.0,476.4429730047574,23541.253660466286,1.0,1.0,-0.8890723355864467,21.79658922924395,-0.0013237532338057636,-42.834998526264854,0.0,0.0,1.0,-0.21931632799641618,2.529733167965857
13.84,13.84,1.0,21.08596091050528,0.0007368506135671802,-5.873350688441654,0.001073638784497388,-0.7771872085374772,0.002395348921215449,21.88867278689422,0.7771916414314877,1.0,0.0,4607.114170399151,5.908032241385772,14518.006939407356,475.63149854392464,0.3591289122263441,29.917678956704968,1.0,14527.391941056396,0.0,1.0,477.5721664319394,23593.402875935877,1.0,1.0,-0.9007242906527329,21.712681091751435,0.05534224104622721,-42.880447671881505,0.0,0.0,1.0,-0.5645052889081503,3.4753230660297016
13.88,13.88,1.0,18.741226975783878,0.02081132739593829,12.959559764544803,-0.0009928842866258093,-1.5421839205814107,-0.004149991225748597,22.7856141229506,1.5421898239666318,1.0,0.0,4607.114170399151,5.908032241385772,14518.006939407356,475.63149854392464,0.3591289122263441,29.917678956704968,1.0,14522.848600162035,0.0,1.0,477.75188515668776,23827.38399434339,1.0,1.0,-0.9007242906527329,21.712681091751435,0.05534224104622721,-42.880447671881505,0.0,0.0,1.0,-0.5645052889081503,3.4753230660297016
13.92,13.92,1.0,15.938171477657024,0.008009698126753922,31.718212547196824,-0.0019835050062377824,-0.7745191476393959,0.0004377488816352924,35.49747007035315,0.7745218111688331,1.0,0.0,4607.114170399151,5.908032241385772,14518.006939407356,475.63149854392464,0.3591289122263441,29.917678956704968,1.0,14524.899473266403,0.0,1.0,478.29026022954184,23736.966134824786,1.0,1.0,0.6803832362061288,17.577252195763176,-0.029917056425998095,-44.65758119092635,0.0,0.0,1.0,-0.5934826587435195,8.401059681794708
13.96,13.96,1.0,15.17507132770348,-0.06947197456913401,39.094924052437364,-0.0010592592271290336,-0.006108177523463321,0.000739844611870409,41.93686567713405,0.006243335071747646,1.0,0.0,4607.114170399151,5.908032241385772,14518.006939407356,475.63149854392464,0.3591289122263441,29.917678956704968,1.0,14528.029751404561,0.0,1.0,478.95216293553807,24066.3776558815,1.0,1.0,0.6803832362061288,17.577252195763176,-0.029917056425998095,-44.65758119092635,0.0,0.0,1.0,-0.5934826587435195,8.401059681794708
14.0,14.0,1.0,16.15863125883214,2.862118877200722e-05,29.840874128021188,0.00016538325980896662,0.7604796178209756,-0.0021897116282096844,33.93492497242524,0.7604827883060697,1.0,0.0,4703.644473015852,-5.227772703042058,14528.048926533598,478.2558844119593,0.14388417825013114,31.58733461863252,1.0,14529.525658926965,0.0,1.0,479.88365415170756,24084.479469998,1.0,1.0,-0.3486606187326377,17.590908563788545,0.004116034875769895,-44.66052950186023,0.0,0.0,1.0,-0.08081449113608953,9.024609857202238
14.040000000000001,14.040000000000001,1.0,18.851307285823214,0.04795509994942855,10.482487510402835,-0.0025187592844445705,1.5312158036119756,0.0002895687925065464,21.569808308881512,1.5312179025956711,1.0,0.0,4703.644473015852,-5.227772703042058,14528.048926533598,478.2558844119593,0.14388417825013114,31.58733461863252,1.0,14530.58516511866,0.0,1.0,480.05269345962637,23930.44678309748,1.0,1.0,-0.3486606187326377,17.590908563788545,0.004116034875769895,-44.66052950186023,0.0,0.0,1.0,-0.08081449113608953,9.024609857202238
14.08,14.08,1.0,20.63653275958257,0.017517346993931,-8.469748341422969,0.003044250560143873,0.8093590431617123,-0.003780135512317635,22.30702643029338,0.8093735958342148,1.0,0.0,4703.644473015852,-5.227772703042058,14528.048926533598,478.2558844119593,0.14388417825013114,31.58733461863252,1.0,14533.04752407179,0.0,1.0,481.092381603501,24129.398553640418,1.0,1.0,-0.024844666574357653,21.655915459586243,0.036058965222018596,-42.81715224811247,0.0,0.0,1.0,-0.2839388764617958,2.6858488952985993
14.120000000000001,14.120000000000001,1.0,20.25305682140186,0.02024347053345268,-16.292923165123764,-0.0012645852541433907,0.044326576313425785,0.00412030196929098,25.99319267950088,0.04453561980991282,1.0,0.0,4703.644473015852,-5.227772703042058,14528.048926533598,478.2558844119593,0.14388417825013114,31.58733461863252,1.0,14527.67177905391,0.0,1.0,482.26217020626393,24085.01372531178,1.0,1.0,-0.024844666574357653,21.655915459586243,0.036058965222018596,-42.81715224811247,0.0,0.0,1.0,-0.2839388764617958,2.6858488952985993
14.16,14.16,1.0,20.585489212078468,0.024049030154088196,-8.0086332197847,0.003654434370997479,-0.725048344318629,-0.0011351838221753418,22.088484567880375,0.7250584425631269,1.0,0.0,4703.644473015852,-5.227772703042058,14528.048926533598,478.2558844119593,0.14388417825013114,31.58733461863252,1.0,14530.144244999645,0.0,1.0,482.16817395159194,24477.37960487541,1.0,1.0,-0.8907636041974641,21.81709020038095,-0.019008198119535306,-42.76777894016998,0.0,0.0,1.0,0.31990063036539135,2.5670646774938857
14.200000000000001,14.200000000000001,1.0,18.777425680144614,0.03240960961656561,10.388860649661178,-0.0015116059511451434,-1.4944395740650511,-0.004247563986065441,21.4597574812538,1.494446374843908,1.0,0.0,4800.490062727355,1.7348446963231854,14536.293202215362,482.39690645190507,0.04393763111175436,29.462451502083717,1.0,14527.93533875142,0.0,1.0,482.921226180999,23976.9110661208,1.0,1.0,-0.8907636041974641,21.81709020038095,-0.019008198119535306,-42.76777894016998,0.0,0.0,1.0,0.31990063036539135,2.5670646774938857
14.24,14.24,1.0,15.916412754459722,-0.06445016606317516,29.87605213320507,-0.0007136302793228562,-0.7878739248906028,0.0027437513923402167,33.851363929097765,0.7878790255885746,1.0,0.0,4800.490062727355,1.7348446963231854,14536.293202215362,482.39690645190507,0.04393763111175436,29.462451502083717,1.0,14537.78370091577,0.0,1.0,483.76968234967,24176.01503273551,1.0,1.0,0.11129747894843932,17.8448958116674,0.012715521446987545,-44.589407664901536,0.0,0.0,1.0,-0.06535934971695928,8.293381041608596
14.280000000000001,14.280000000000001,1.0,15.00709675378733,0.0009725432565357374,38.00868610943233,0.0003431876060294577,-0.02128130930259265,0.0014878043385610994,40.86408170617234,0.02133601333697066,1.0,0.0,4800.490062727355,1.7348446963231854,14536.293202215362,482.39690645190507,0.04393763111175436,29.462451502083717,1.0,14536.26570829089,0.0,1.0,483.98416434342795,24529.011365543676,1.0,1.0,0.11129747894843932,17.8448958116674,0.012715521446987545,-44.589407664901536,0.0,0.0,1.0,-0.06535934971695928,8.293381041608596
14.32,14.32,1.0,16.00006890121785,-0.038184039102337974,28.794572022346166,0.001957761780016877,0.7546926598376683,0.0006111040057208293,32.94132724731415,0.7546954465823599,1.0,0.0,4800.490062727355,1.7348446963231854,14536.293202215362,482.39690645190507,0.04393763111175436,29.462451502083717,1.0,14544.207550025398,0.0,1.0,484.89803670706897,24653.03411804256,1.0,1.0,-2.434380564962862,17.789397394918204,-0.04089424695445335,-44.61554415253011,0.0,0.0,1.0,-0.33190677444593764,8.082210427494463
14.36,14.36,1.0,18.81391661025382,0.006510344473499422,9.294102642416515,0.00014375940903492337,1.5174224410018986,-0.0013316911938453379,20.984371435188223,1.517423032158259,1.0,0.0,4800.490062727355,1.7348446963231854,14536.293202215362,482.39690645190507,0.04393763111175436,29.462451502083717,1.0,14537.962184729986,0.0,1.0,485.0271982160807,24556.270861831752,1.0,1.0,-2.434380564962862,17.789397394918204,-0.04089424695445335,-44.61554415253011,0.0,0.0,1.0,-0.33190677444593764,8.082210427494463
14.4,14.4,1.0,20.290495079689006,0.07624605571437591,-9.555889785608985,-0.0007012210052835334,0.770130972522168,0.001902730876328611,22.42821958236101,0.7701336422554376,1.0,0.0,4895.393849581551,10.703350114614448,14543.813369013891,485.08623126215105,-0.16557410907425263,32.186759102906294,1.0,14539.021738121362,0.0,1.0,486.10979995833776,24284.761947558763,1.0,1.0,0.003145311987649825,21.826872888004058,0.06142880838345838,-42.83610602912785,0.0,0.0,1.0,-0.5742258363434285,2.8896714644867814
14.44,14.44,1.0,19.81085922910292,-0.01216314621970587,-16.620895764869545,-0.000690520318128274,0.002845281431847851,0.0003440138428793947,25.85970741064401,0.0029480146302653895,1.0,0.0,4895.393849581551,10.703350114614448,14543.813369013891,485.08623126215105,-0.16557410907425263,32.186759102906294,1.0,14539.083493312884,0.0,1.0,487.03238523420595,24540.078816862442,1.0,1.0,0.003145311987649825,21.826872888004058,0.06142880838345838,-42.83610602912785,0.0,0.0,1.0,-0.5742258363434285,2.8896714644867814
14.48,14.48,1.0,20.216293647989453,-0.00953433071492744,-7.8278266712799685,-0.0008379482044447799,-0.7646476239571969,0.001974604235946886,21.678871976207684,0.7646506326698936,1.0,0.0,4895.393849581551,10.703350114614448,14543.813369013891,485.08623126215105,-0.16557410907425263,32.186759102906294,1.0,14541.144388918487,0.0,1.0,487.7634190177936,24880.175684959657,1.0,1.0,0.6058103946446344,21.809266076549353,-0.007811736645948975,-42.76836956700382,0.0,0.0,1.0,-0.5721593574568871,3.346182318903965
14.52,14.52,1.0,18.191273697591125,-0.019013276383587355,11.708974646085501,0.000463520880404024,-1.531518443718812,-0.00014045623855058482,21.633836634032868,1.531518520302792,1.0,0.0,4895.393849581551,10.703350114614448,14543.813369013891,485.08623126215105,-0.16557410907425263,32.186759102906294,1.0,14541.544998456573,0.0,1.0,488.7010935985399,24736.768767079993,1.0,1.0,0.6058103946446344,21.809266076549353,-0.007811736645948975,-42.76836956700382,0.0,0.0,1.0,-0.5721593574568871,3.346182318903965
14.56,14.56,1.0,15.403242284174228,0.025972849821910355,31.309737866432343,0.0021436319726337427,-0.7673077881428984,-0.001612062304277483,34.8935557477109,0.7673124758842735,1.0,0.0,4895.393849581551,10.703350114614448,14543.813369013891,485.08623126215105,-0.16557410907425263,32.186759102906294,1.0,14546.913352007066,0.0,1.0,488.71548353730424,24403.52414163615,1.0,1.0,-0.4135837814480055,17.76032524091683,-0.05485150126916617,-44.586620094445706,0.0,0.0,1.0,-0.40455076809629836,8.130876023025873
14.6,14.6,1.0,14.479213674818524,-0.027293353272760272,39.05065641832513,0.002960794012908865,0.0019015564660922882,-0.0016872878106410198,41.648555080221726,0.0039024554240314055,1.0,0.0,4992.586998135714,4.091511509521355,14549.321345116841,488.5211311190341,0.0013382505001136153,31.76719799682095,1.0,14553.881618744676,0.0,1.0,489.8069952364146,25212.240602839374,1.0,1.0,-0.4135837814480055,17.76032524091683,-0.05485150126916617,-44.586620094445706,0.0,0.0,1.0,-0.40455076809629836,8.130876023025873
14.64,14.64,1.0,15.608730283978048,-0.010262637857345354,29.156162294746483,0.0004083726375032672,0.7699224252711269,0.003568725568420605,33.07135265085638,0.7699308043621632,1.0,0.0,4992.586998135714,4.091511509521355,14549.321345116841,488.5211311190341,0.0013382505001136153,31.76719799682095,1.0,14545.741290358355,0.0,1.0,489.4598591341159,25172.037098934838,1.0,1.0,0.676691309693615,17.797050266165357,0.013956208360187523,-44.572588758285704,0.0,0.0,1.0,0.2555806442601065,8.50598122197399
14.68,14.68,1.0,18.6261687863173,0.04880214047652055,8.780020174666506,-0.000722424621718596,1.5392312549845166,0.002141594187081275,20.591874600745967,1.5392329143583847,1.0,0.0,4992.586998135714,4.091511509521355,14549.321345116841,488.5211311190341,0.0013382505001136153,31.76719799682095,1.0,14548.357658947234,0.0,1.0,490.8075623742476,25068.532032213036,1.0,1.0,0.676691309693615,17.797050266165357,0.013956208360187523,-44.572588758285704,0.0,0.0,1.0,0.2555806442601065,8.50598122197399
14.72,14.72,1.0,19.83612368606596,0.035108660290501095,-10.696704659599403,-0.002149082723426555,0.795324827293085,-0.00114527154386339,22.536471021027893,0.795328555448776,1.0,0.0,4992.586998135714,4.091511509521355,14549.321345116841,488.5211311190341,0.0013382505001136153,31.76719799682095,1.0,14554.318872274416,0.0,1.0,491.81679724214797,24856.5171939865,1.0,1.0,-0.13872007761193983,21.79119653055203,-0.04461990079215173,-42.74410094756374,0.0,0.0,1.0,0.32124997655367066,2.6325436090531356
14.76,14.76,1.0,19.305107348145825,0.03256764355954437,-18.55935049214976,0.001720558091493746,0.029917873923534927,-0.001352259951195696,26.779427198229996,0.029997801706564155,1.0,0.0,4992.586998135714,4.091511509521355,14549.321345116841,488.5211311190341,0.0013382505001136153,31.76719799682095,1.0,14550.011829942245,0.0,1.0,491.6539086029064,25230.818499476656,1.0,1.0,-0.13872007761193983,21.79119653055203,-0.04461990079215173,-42.74410094756374,0.0,0.0,1.0,0.32124997655367066,2.6325436090531356
14.8,14.8,1.0,19.73979029245009,-0.024814392559844786,-9.777839017779707,0.00046021324382877527,-0.7387685970627565,-0.0019533275449609006,22.028755579959576,0.7387713227317376,1.0,0.0,5078.9882844948115,0.1579801628373843,14546.83006646027,491.83257042236454,0.21466362811697592,31.38992156961089,1.0,14552.194431099688,0.0,1.0,492.1539120617768,25120.02587105662,1.0,1.0,0.2156847097113829,21.967766799242327,0.03554135673148626,-42.64027075191754,0.0,0.0,1.0,-0.2532733623250543,2.379625728636949
14.84,14.84,1.0,18.300583441370073,-0.12198120840701872,9.841249831096562,0.0009039105503222902,-1.5074484021801744,0.0017323865201509965,20.779230783352183,1.5074496686300671,1.0,0.0,5078.9882844948115,0.1579801628373843,14546.83006646027,491.83257042236454,0.21466362811697592,31.38992156961089,1.0,14541.742385967807,0.0,1.0,492.8832809210175,24916.429436987375,1.0,1.0,0.2156847097113829,21.967766799242327,0.03554135673148626,-42.64027075191754,0.0,0.0,1.0,-0.2532733623250543,2.379625728636949
14.88,14.88,1.0,15.27862401567305,-0.020908281621403315,30.350140995805702,0.0016938359762991306,-0.7956001288626171,0.0024408372377674285,33.978932405739705,0.7956056760814046,1.0,0.0,5078.9882844948115,0.1579801628373843,14546.83006646027,491.83257042236454,0.21466362811697592,31.38992156961089,1.0,14558.803844600581,0.0,1.0,493.4912681256556,25665.84619078154,1.0,1.0,0.7027653682686397,17.940173488848203,0.013148269250836299,-44.56038286712976,0.0,0.0,1.0,0.24979958070329095,8.531089907203139
14.92,14.92,1.0,14.174940374708717,-0.004067375975713119,39.263496987823096,0.003009979283413611,-0.03127964803117813,0.00023563940115409386,41.74387556136694,0.0314250200026721,1.0,0.0,5078.9882844948115,0.1579801628373843,14546.83006646027,491.83257042236454,0.21466362811697592,31.38992156961089,1.0,14560.773952309613,0.0,1.0,494.78450167121593,24839.60949029776,1.0,1.0,0.7027653682686397,17.940173488848203,0.013148269250836299,-44.56038286712976,0.0,0.0,1.0,0.24979958070329095,8.531089907203139
14.96,14.96,1.0,15.17695831479483,-0.029400626833312002,29.741275254431983,0.0014638428910666247,0.7369526019201342,-0.0028144192159286112,33.389884423965384,0.7369594298659787,1.0,0.0,5078.9882844948115,0.1579801628373843,14546.83006646027,491.83257042236454,0.21466362811697592,31.38992156961089,1.0,14564.708776315441,0.0,1.0,495.5724373240326,25773.78656047491,1.0,1.0,0.14297464146337244,17.92926777173328,-0.033809814662927644,-44.580437449831464,0.0,0.0,1.0,-0.1171671647517905,7.661881464262005
15.0,15.0,1.0,18.170615424069688,-0.012847981737247332,9.357598848491639,-0.0010394224048483967,1.5073633757367735,-0.001070219499149593,20.438593057482358,1.5073641140352496,1.0,0.0,5187.309131535154,7.684379882113875,14573.27149138183,494.20179458873747,-0.02421758780415462,34.09407238336775,1.0,14559.028576762646,0.0,1.0,495.9616840365408,25233.59323629962,1.0,1.0,0.14297464146337244,17.92926777173328,-0.033809814662927644,-44.580437449831464,0.0,0.0,1.0,-0.1171671647517905,7.661881464262005
15.040000000000001,15.040000000000001,1.0,19.470201194753695,-0.05473535228570497,-10.784868621421275,0.000910507352833708,0.8165433262304812,-0.000838893782668636,22.25769803246273,0.8165442648001124,1.0,0.0,5187.309131535154,7.684379882113875,14573.27149138183,494.20179458873747,-0.02421758780415462,34.09407238336775,1.0,14558.566807268826,0.0,1.0,496.22731914929324,25178.66819010109,1.0,1.0,-0.22166493568893497,21.894912143860125,0.045182260499695405,-42.70821996724519,0.0,0.0,1.0,-0.2040275308242667,3.1293496049204292
15.08,15.08,1.0,18.932226847519125,0.016988153493578614,-19.59390748096331,0.0013197786440389552,0.04555812100986705,0.00013113075903224304,27.24611371142375,0.04557742205187691,1.0,0.0,5187.309131535154,7.684379882113875,14573.27149138183,494.20179458873747,-0.02421758780415462,34.09407238336775,1.0,14567.32136444471,0.0,1.0,496.58068575030785,26128.057499202343,1.0,1.0,-0.22166493568893497,21.894912143860125,0.045182260499695405,-42.70821996724519,0.0,0.0,1.0,-0.2040275308242667,3.1293496049204292
15.120000000000001,15.120000000000001,1.0,19.336056984713437,0.0064511399122499985,-10.772666267038993,-0.0023568554561977837,-0.7173441382323741,-0.0005536243592669548,22.13444103279528,0.7173482236152259,1.0,0.0,5187.309131535154,7.684379882113875,14573.27149138183,494.20179458873747,-0.02421758780415462,34.09407238336775,1.0,14568.618262842167,0.0,1.0,497.62190523269624,25674.259445459375,1.0,1.0,-1.5592726561021997,22.021806717978862,0.041351363016113814,-42.58764541352205,0.0,0.0,1.0,0.4859301510408225,2.9083492875150907
15.16,15.16,1.0,18.04996946488626,-0.0038286575188714216,8.851409604994672,-0.0002843308452710093,-1.489684444938651,0.00033686738550604004,20.103454039973744,1.4896845101617462,1.0,0.0,5187.309131535154,7.684379882113875,14573.27149138183,494.20179458873747,-0.02421758780415462,34.09407238336775,1.0,14569.77299265612,0.0,1.0,497.85201302227887,25405.436965738776,1.0,1.0,-1.5592726561021997,22.021806717978862,0.041351363016113814,-42.58764541352205,0.0,0.0,1.0,0.4859301510408225,2.9083492875150907
15.200000000000001,15.200000000000001,1.0,14.974116659447622,-0.007012600490091993,30.033235987829368,-0.0034201017110464076,-0.7972036030645261,-0.0010191113796767224,33.55919371510527,0.7972115907478896,1.0,0.0,5281.92544252637,-5.723630569855125,14555.982118253742,498.12104378609877,-0.1559616505841758,31.783214974828965,1.0,14570.860342063848,0.0,1.0,499.06445843102307,25997.507460946577,1.0,1.0,-0.5475164575898535,18.079982507262034,-0.010161094900528984,-44.4943672994074,0.0,0.0,1.0,-0.2564965657781093,8.007002054572283
15.24,15.24,1.0,13.943066331852386,0.0931591736635127,39.16791846295424,0.0015297813053337164,-0.030369578214668836,0.00010207112408853379,41.57575752871744,0.030408254311837916,1.0,0.0,5281.92544252637,-5.723630569855125,14555.982118253742,498.12104378609877,-0.1559616505841758,31.783214974828965,1.0,14561.519727891166,0.0,1.0,499.8322727431575,25450.30386587378,1.0,1.0,-0.5475164575898535,18.079982507262034,-0.010161094900528984,-44.4943672994074,0.0,0.0,1.0,-0.2564965657781093,8.007002054572283
15.280000000000001,15.280000000000001,1.0,14.906626813275073,-0.0282251598003236,29.514819980288216,0.0022777522396563348,0.7353427183066861,0.0017663027934120478,33.06558510110955,0.7353483673385626,1.0,0.0,5281.92544252637,-5.723630569855125,14555.982118253742,498.12104378609877,-0.1559616505841758,31.783214974828965,1.0,14573.27511340379,0.0,1.0,499.6828294089756,25602.985319769123,1.0,1.0,0.1528660802385247,17.97037392931673,0.04054647991876063,-44.51693172831638,0.0,0.0,1.0,0.25869118346789516,8.265066129035588
15.32,15.32,1.0,17.953769998597572,0.014275336883789586,8.670526533409417,0.0023767349016705513,1.5004294421035373,-0.0007013562584932255,19.937805579209115,1.5004314884394176,1.0,0.0,5281.92544252637,-5.723630569855125,14555.982118253742,498.12104378609877,-0.1559616505841758,31.783214974828965,1.0,14571.187517255945,0.0,1.0,500.35567894019636,25901.847077707644,1.0,1.0,0.1528660802385247,17.97037392931673,0.04054647991876063,-44.51693172831638,0.0,0.0,1.0,0.25869118346789516,8.265066129035588
15.36,15.36,1.0,19.024026057964363,-0.004873954912022285,-11.528144287341068,0.00042016816179804773,0.7930600946657324,-0.002151772937366449,22.244363374106666,0.7930631251163293,1.0,0.0,5281.92544252637,-5.723630569855125,14555.982118253742,498.12104378609877,-0.1559616505841758,31.783214974828965,1.0,14579.313618077338,0.0,1.0,501.24845990952724,26117.06112790631,1.0,1.0,1.3449479288800654,21.954531608757907,-0.09559778299394525,-42.70769692446578,0.0,0.0,1.0,0.06024076596552476,2.992069416340146
15.4,15.4,1.0,18.562673588193743,0.022250389811330616,-20.002693408035974,0.004032279900298865,0.03243248007495312,-0.00019626397377863996,27.288845512361974,0.03268277167796496,1.0,0.0,5392.1994757602915,-4.304470399592218,14567.428590988942,501.0298474253189,-0.1030483771287433,33.01248236069688,1.0,14573.679696475905,0.0,1.0,502.25569140801906,25951.964395088613,1.0,1.0,1.3449479288800654,21.954531608757907,-0.09559778299394525,-42.70769692446578,0.0,0.0,1.0,0.06024076596552476,2.992069416340146
15.44,15.44,1.0,19.030411214586476,0.02696550297113295,-10.711926123606975,-0.0012395731375876944,-0.7418432460204817,-3.987659055545889e-05,21.838100636553143,0.741844282715659,1.0,0.0,5392.1994757602915,-4.304470399592218,14567.428590988942,501.0298474253189,-0.1030483771287433,33.01248236069688,1.0,14572.697839425242,0.0,1.0,502.56596086542896,26221.416928562103,1.0,1.0,0.6703311171185268,22.06028899913118,0.05624735953464202,-42.59141445257185,0.0,0.0,1.0,0.36563979877263875,2.953474567806411
15.48,15.48,1.0,17.627334983695448,0.0005321564534398008,9.616676903157677,0.0001815525381615202,-1.503941246806973,0.0011632134455093202,20.079925636573712,1.503941707605104,1.0,0.0,5392.1994757602915,-4.304470399592218,14567.428590988942,501.0298474253189,-0.1030483771287433,33.01248236069688,1.0,14577.974881956276,0.0,1.0,503.8593692192888,26176.798007607853,1.0,1.0,0.6703311171185268,22.06028899913118,0.05624735953464202,-42.59141445257185,0.0,0.0,1.0,0.36563979877263875,2.953474567806411
15.52,15.52,1.0,14.448461677739433,-0.05804403490717998,30.957056374941722,0.00157289018945681,-0.782370027387117,-0.00043459632147198004,34.16285634083329,0.7823717291743286,1.0,0.0,5392.1994757602915,-4.304470399592218,14567.428590988942,501.0298474253189,-0.1030483771287433,33.01248236069688,1.0,14576.843663667554,0.0,1.0,504.17858191004933,26271.23517351871,1.0,1.0,-1.8472331756763218,17.99979288507479,0.07330325457400524,-44.43835715201105,0.0,0.0,1.0,0.24788401504694169,7.675649993374604
15.56,15.56,1.0,13.500495378186322,0.020200368060379933,39.98716845330291,-0.0017549171653251509,-0.014277319444633806,0.002686293871193747,42.20470855750722,0.014633446605078535,1.0,0.0,5392.1994757602915,-4.304470399592218,14567.428590988942,501.0298474253189,-0.1030483771287433,33.01248236069688,1.0,14582.481113220563,0.0,1.0,504.59782572957886,26746.11761197465,1.0,1.0,-1.8472331756763218,17.99979288507479,0.07330325457400524,-44.43835715201105,0.0,0.0,1.0,0.24788401504694169,7.675649993374604
15.6,15.6,1.0,14.562336670302104,0.015380682093944663,29.760936653816273,-0.0012005638047022185,0.7540438362562936,0.00020016560868422588,33.132691354266285,0.7540448185723632,1.0,0.0,5489.282321020924,2.723449590006286,14579.797627994214,503.609982949444,0.028252313137934443,34.086221602643,1.0,14579.786943779085,0.0,1.0,504.90170251842954,26786.296025947602,1.0,1.0,-2.359110052197633,18.003848683440935,-0.018041532508309262,-44.47203803389773,0.0,0.0,1.0,0.07037157278816335,7.5158060138510185
15.64,15.64,1.0,17.62212815965774,-0.06442305096787085,8.195340325094662,-0.0021310960802251133,1.524211978401616,0.0035105626758234532,19.434689455945033,1.5242175109621894,1.0,0.0,5489.282321020924,2.723449590006286,14579.797627994214,503.609982949444,0.028252313137934443,34.086221602643,1.0,14584.607728145664,0.0,1.0,505.3088377399621,26750.56186163911,1.0,1.0,-2.359110052197633,18.003848683440935,-0.018041532508309262,-44.47203803389773,0.0,0.0,1.0,0.07037157278816335,7.5158060138510185
15.68,15.68,1.0,18.587694979848877,-0.06237873882105956,-12.853970551211402,-0.00018456813139805446,0.825317737552392,0.001907734148552359,22.599355183331358,0.8253199630649775,1.0,0.0,5489.282321020924,2.723449590006286,14579.797627994214,503.609982949444,0.028252313137934443,34.086221602643,1.0,14583.249145058042,0.0,1.0,506.35838931898246,26217.462043937216,1.0,1.0,-0.04857233737665007,22.054219445471738,-0.01026866175100465,-42.579935652841435,0.0,0.0,1.0,0.02617640102656588,2.3286699454118396
15.72,15.72,1.0,18.06271470988273,-0.010262014641993056,-22.03728474736826,-0.0008825732921077984,0.057769182813398316,-0.0014853721505142517,28.493923686220334,0.0577950149145175,1.0,0.0,5489.282321020924,2.723449590006286,14579.797627994214,503.609982949444,0.028252313137934443,34.086221602643,1.0,14582.395285912802,0.0,1.0,506.8398811132323,26505.948720449498,1.0,1.0,-0.04857233737665007,22.054219445471738,-0.01026866175100465,-42.579935652841435,0.0,0.0,1.0,0.02617640102656588,2.3286699454118396
15.76,15.76,1.0,18.541772721895157,0.03342195342743369,-12.87871138887298,-0.003019101314670836,-0.7126160876448039,0.0025915505149689965,22.575643063604474,0.712627195297097,1.0,0.0,5489.282321020924,2.723449590006286,14579.797627994214,503.609982949444,0.028252313137934443,34.086221602643,1.0,14576.678385253954,0.0,1.0,507.6149494483586,26810.593731094938,1.0,1.0,-0.8951066112195155,22.355749552836734,-0.015275767678970207,-42.53964471560855,0.0,0.0,1.0,-0.3494345555637196,3.135246168927348
15.8,15.8,1.0,17.59876844793782,0.00895317360240401,7.437878749420872,0.00031388835682497935,-1.481081855031276,0.00032735035837424354,19.105987839798704,1.4810819244684084,1.0,0.0,5598.553367531426,-0.9380474320043439,14589.434213492868,506.9565833109126,0.038528070253689095,31.701234360279248,1.0,14580.455881696986,0.0,1.0,507.56795500553636,26796.818818594187,1.0,1.0,-0.8951066112195155,22.355749552836734,-0.015275767678970207,-42.53964471560855,0.0,0.0,1.0,-0.3494345555637196,3.135246168927348
15.84,15.84,1.0,14.359269729464511,-0.08802092434050271,29.466048732446648,0.004231154487694502,-0.8021539146479203,0.004825779023687399,32.7787187478333,0.8021795893666623,1.0,0.0,5598.553367531426,-0.9380474320043439,14589.434213492868,506.9565833109126,0.038528070253689095,31.701234360279248,1.0,14585.296559725097,0.0,1.0,508.7518577611125,26798.25585759218,1.0,1.0,-0.4504987767906175,18.312762199107173,-0.03295185890042671,-44.48196707077175,0.0,0.0,1.0,-0.30803835026402,7.655888354833598
15.88,15.88,1.0,13.307909531844077,0.02652586586462127,39.096619558408364,0.00012605241742463092,-0.03268651847602248,-0.00046999420610963527,41.29947724395826,0.032690140315530525,1.0,0.0,5598.553367531426,-0.9380474320043439,14589.434213492868,506.9565833109126,0.038528070253689095,31.701234360279248,1.0,14584.91902779684,0.0,1.0,509.2352443046395,26635.853755624717,1.0,1.0,-0.4504987767906175,18.312762199107173,-0.03295185890042671,-44.48196707077175,0.0,0.0,1.0,-0.30803835026402,7.655888354833598
15.92,15.92,1.0,14.399994696729557,0.037193882611804834,29.051061814524793,-0.0019213025660001358,0.737981152112965,-0.0015316092791584036,32.424148766036765,0.7379852424706834,1.0,0.0,5598.553367531426,-0.9380474320043439,14589.434213492868,506.9565833109126,0.038528070253689095,31.701234360279248,1.0,14586.894438989031,0.0,1.0,509.4853363136319,26799.745400567448,1.0,1.0,0.10741313527302908,18.151550208860517,-0.0459184887926623,-44.41886667657913,0.0,0.0,1.0,0.10561691543454449,7.663320996492454
15.96,15.96,1.0,17.466307693229602,0.020815738233915616,7.3697071896083886,-0.0018711578983028954,1.5005026780739905,0.0003781174686117122,18.957450297708693,1.5005038924014553,1.0,0.0,5598.553367531426,-0.9380474320043439,14589.434213492868,506.9565833109126,0.038528070253689095,31.701234360279248,1.0,14591.149463204081,0.0,1.0,510.7316641074554,27100.539471608798,1.0,1.0,0.10741313527302908,18.151550208860517,-0.0459184887926623,-44.41886667657913,0.0,0.0,1.0,0.10561691543454449,7.663320996492454
16.0,16.0,1.0,18.228501865043544,0.027363567407176662,-13.4469757222704,-0.0014150994241354145,0.7855457766249895,9.229290792129071e-05,22.65171483760218,0.7855470566412421,1.0,0.0,5686.703862337088,3.7223367541539316,14587.153883673123,509.6944498925929,-0.05165381174222351,34.440798461154486,1.0,14590.366550854873,0.0,1.0,510.68289656812016,26940.74995074701,1.0,1.0,-1.315190583537622,22.185738704755607,0.023300037414445064,-42.57802063917089,0.0,0.0,1.0,-0.3914066275563144,2.652639651133204
16.04,16.04,1.0,17.680388004745,-0.07359645926481108,-22.19658857909221,-0.0021091477320624398,0.01934807719946893,-0.00021828001051708805,28.37763346346263,0.019463921537944632,1.0,0.0,5686.703862337088,3.7223367541539316,14587.153883673123,509.6944498925929,-0.05165381174222351,34.440798461154486,1.0,14592.200788012531,0.0,1.0,511.9504802401531,27196.742047582127,1.0,1.0,-1.315190583537622,22.185738704755607,0.023300037414445064,-42.57802063917089,0.0,0.0,1.0,-0.3914066275563144,2.652639651133204
16.080000000000002,16.080000000000002,1.0,18.172348235804183,-0.019264503636449017,-12.282923409306777,-0.00041666129417924653,-0.7506638658516008,0.002259255405066156,21.934101736869284,0.7506673812927331,1.0,0.0,5686.703862337088,3.7223367541539316,14587.153883673123,509.6944498925929,-0.05165381174222351,34.440798461154486,1.0,14589.13468953979,0.0,1.0,512.378694523666,27056.4807342298,1.0,1.0,2.4111931057709364,22.333519268664787,0.011193277223970415,-42.57906494054344,0.0,0.0,1.0,-0.24175135605340556,2.3636186975876763
16.12,16.12,1.0,17.042403589634763,0.014191024657953575,9.017958404734138,-0.0006836826300500583,-1.5190427787135954,-7.8067519517065e-06,19.28126798959788,1.5190429325877544,1.0,0.0,5686.703862337088,3.7223367541539316,14587.153883673123,509.6944498925929,-0.05165381174222351,34.440798461154486,1.0,14588.603813210888,0.0,1.0,513.2135037340379,27205.475924408496,1.0,1.0,2.4111931057709364,22.333519268664787,0.011193277223970415,-42.57906494054344,0.0,0.0,1.0,-0.24175135605340556,2.3636186975876763
16.16,16.16,1.0,13.686772332758805,-0.012820861323641164,31.500073380155328,-0.005033094727174165,-0.7972292283200691,0.00089303340923131,34.34505094214343,0.7972456158794576,1.0,0.0,5686.703862337088,3.7223367541539316,14587.153883673123,509.6944498925929,-0.05165381174222351,34.440798461154486,1.0,14598.873144123869,0.0,1.0,513.6194756523804,27357.70045576925,1.0,1.0,-1.6993837644031884,18.18067690733947,-0.061754832386392594,-44.38103678232936,0.0,0.0,1.0,0.17650836013446106,7.59831152308078
16.2,16.2,1.0,12.703222728557218,0.02513565016213356,41.123949151162435,-0.0006546368229953011,-0.027407152674895394,-0.0009525058614449321,43.04127894567767,0.027431511706997376,1.0,0.0,5794.071612479459,-9.257683095037503,14609.407250100734,512.4368150977429,-0.2861320863406237,33.06474238476961,1.0,14600.178930156995,0.0,1.0,513.9857972397801,27039.796062318856,1.0,1.0,-1.6993837644031884,18.18067690733947,-0.061754832386392594,-44.38103678232936,0.0,0.0,1.0,0.17650836013446106,7.59831152308078
16.240000000000002,16.240000000000002,1.0,13.771625563392774,0.00906501308618613,30.50549830275557,-0.0012926786477206987,0.7424271618519873,-0.0013403014516898497,33.470034053346566,0.742429497044443,1.0,0.0,5794.071612479459,-9.257683095037503,14609.407250100734,512.4368150977429,-0.2861320863406237,33.06474238476961,1.0,14599.871075853267,0.0,1.0,514.2112731709086,26968.19210418506,1.0,1.0,-0.2160139120577915,18.20484535952607,-0.0011468068799147363,-44.400424131589126,0.0,0.0,1.0,0.48147135559841253,7.234704362511745
16.28,16.28,1.0,16.900309253510194,-0.04118983966747166,8.244906603813293,-0.0017314088525636972,1.512115771356172,0.0017440855560336718,18.80427170546039,1.512117768427814,1.0,0.0,5794.071612479459,-9.257683095037503,14609.407250100734,512.4368150977429,-0.2861320863406237,33.06474238476961,1.0,14597.599336744139,0.0,1.0,514.6843859858466,27250.90243998324,1.0,1.0,-0.2160139120577915,18.20484535952607,-0.0011468068799147363,-44.400424131589126,0.0,0.0,1.0,0.48147135559841253,7.234704362511745
16.32,16.32,1.0,17.829349442915884,0.013704505664723966,-13.720479808264349,0.0006679638675797022,0.8284291863290215,0.0019455561157675932,22.497498872987418,0.8284317401730167,1.0,0.0,5794.071612479459,-9.257683095037503,14609.407250100734,512.4368150977429,-0.2861320863406237,33.06474238476961,1.0,14600.573263535975,0.0,1.0,514.8106343838865,27249.3281108812,1.0,1.0,2.0776517797534084,22.24392921050932,0.054980284465639614,-42.443854979682754,0.0,0.0,1.0,0.3923294118041646,3.0208990845776986
16.36,16.36,1.0,17.2712011652037,-0.018132976075536458,-23.287466380538202,-0.0019536561706305056,0.059708487742175305,0.00052857220459596,28.99311657822339,0.05974277922448882,1.0,0.0,5794.071612479459,-9.257683095037503,14609.407250100734,512.4368150977429,-0.2861320863406237,33.06474238476961,1.0,14605.930834470546,0.0,1.0,516.366573881055,27558.837626597622,1.0,1.0,2.0776517797534084,22.24392921050932,0.054980284465639614,-42.443854979682754,0.0,0.0,1.0,0.3923294118041646,3.0208990845776986
16.4,16.4,1.0,17.784109628186222,-0.08970672330049943,-13.772260097482796,0.0021872366118277082,-0.7094674628137158,-0.000783525233102525,22.493504634811092,0.7094712670060137,1.0,0.0,5895.456470682124,11.017079278495038,14599.08181955535,515.5411635159477,-0.002076573228571905,31.842896542206862,1.0,14603.909050141869,0.0,1.0,516.8587103799395,27443.140911716753,1.0,1.0,-0.8254437362395258,22.49194492180164,0.05263209017982124,-42.479991633762204,0.0,0.0,1.0,0.22356824589136692,2.599534392608636
16.44,16.44,1.0,16.968538721479735,-0.018422471711271423,7.400538353574106,-0.002199398443706971,-1.47501063778227,-0.00041076147632434075,18.512147732031053,1.4750123347448196,1.0,0.0,5895.456470682124,11.017079278495038,14599.08181955535,515.5411635159477,-0.002076573228571905,31.842896542206862,1.0,14606.660665933492,0.0,1.0,517.7267912949726,27620.994369238397,1.0,1.0,-0.8254437362395258,22.49194492180164,0.05263209017982124,-42.479991633762204,0.0,0.0,1.0,0.22356824589136692,2.599534392608636
16.48,16.48,1.0,13.611013254856271,0.009574503756465909,30.12769223767797,-0.0001706652051201808,-0.7892849635099529,-0.0027264913471888655,33.05960697079196,0.7892896911176442,1.0,0.0,5895.456470682124,11.017079278495038,14599.08181955535,515.5411635159477,-0.002076573228571905,31.842896542206862,1.0,14602.32785476216,0.0,1.0,517.5255504943524,27203.68152869764,1.0,1.0,1.6152212147251344,18.568800899919324,-0.0007140564611695276,-44.26630918520076,0.0,0.0,1.0,-0.6074985915242411,7.30331929176242
16.52,16.52,1.0,12.62219917405601,-0.055848797484862864,39.97405600849687,0.0016635643960821011,-0.019926875426155382,-0.000710042052955233,41.919544187027675,0.020008797326835817,1.0,0.0,5895.456470682124,11.017079278495038,14599.08181955535,515.5411635159477,-0.002076573228571905,31.842896542206862,1.0,14606.658826471923,0.0,1.0,518.0118382094023,27759.40664514941,1.0,1.0,1.6152212147251344,18.568800899919324,-0.0007140564611695276,-44.26630918520076,0.0,0.0,1.0,-0.6074985915242411,7.30331929176242
16.56,16.56,1.0,13.708043486651437,0.01724450485399272,29.1680071873648,-0.0010696258604854882,0.7501019831224207,-0.0008321629472285554,32.22861146383814,0.7501032073513888,1.0,0.0,5895.456470682124,11.017079278495038,14599.08181955535,515.5411635159477,-0.002076573228571905,31.842896542206862,1.0,14617.192719138062,0.0,1.0,518.4312882427727,27286.689529636158,1.0,1.0,0.26782294426538567,18.486222026056236,0.0001708616245999176,-44.3557298524363,0.0,0.0,1.0,0.9564153776190792,6.738693531484527
16.6,16.6,1.0,17.045863595341036,-0.03552564809981161,6.362643056510154,0.0020595581341448462,1.5160862710867498,-0.0003409914727901722,18.194668297256825,1.5160877083574744,1.0,0.0,6003.037208267014,-1.537315147015355,14613.624329630464,517.9914894620371,-0.14199821962064033,34.39677593123655,1.0,14609.65424911827,0.0,1.0,519.3575951578922,28023.903959662017,1.0,1.0,0.26782294426538567,18.486222026056236,0.0001708616245999176,-44.3557298524363,0.0,0.0,1.0,0.9564153776190792,6.738693531484527
16.64,16.64,1.0,17.42853004906845,-0.0049031113047432046,-15.297002402118547,-0.0019542846842029835,0.7916109443890638,0.000591017933934182,23.189479644920947,0.7916135773263181,1.0,0.0,6003.037208267014,-1.537315147015355,14613.624329630464,517.9914894620371,-0.14199821962064033,34.39677593123655,1.0,14606.372851102518,0.0,1.0,519.7016254046139,27526.18544615274,1.0,1.0,0.4185575027096879,22.40218346540594,0.03879451911756062,-42.395240102578846,0.0,0.0,1.0,0.1919697486943607,2.433606751093105
16.68,16.68,1.0,16.837819626820593,-0.061381509207674205,-24.61665002815452,-0.0030493849027930357,0.0242549555792442,0.00373528970766745,29.824409400416588,0.024729618024480236,1.0,0.0,6003.037208267014,-1.537315147015355,14613.624329630464,517.9914894620371,-0.14199821962064033,34.39677593123655,1.0,14615.994543856435,0.0,1.0,520.7977232039776,27957.977400911164,1.0,1.0,0.4185575027096879,22.40218346540594,0.03879451911756062,-42.395240102578846,0.0,0.0,1.0,0.1919697486943607,2.433606751093105
16.72,16.72,1.0,17.307211609154315,0.03490843630923405,-14.4384839262388,-0.0023114791354038396,-0.7430848499794567,-0.001153979717608504,22.53909071748964,0.7430893411118031,1.0,0.0,6003.037208267014,-1.537315147015355,14613.624329630464,517.9914894620371,-0.14199821962064033,34.39677593123655,1.0,14615.115205950517,0.0,1.0,521.1773291783275,28082.317445349916,1.0,1.0,0.08474992982370572,22.51909167299813,-0.001927121810917881,-42.44354573900076,0.0,0.0,1.0,0.33144402345150525,2.3168484814661126
16.76,16.76,1.0,16.600646330831392,0.07848244988012539,7.702064219763409,-0.0019073019113211118,-1.50931523061627,0.0006973585627479355,18.30053035684061,1.509316596834405,1.0,0.0,6003.037208267014,-1.537315147015355,14613.624329630464,517.9914894620371,-0.14199821962064033,34.39677593123655,1.0,14608.548830814569,0.0,1.0,522.3188414303438,28287.639832954796,1.0,1.0,0.08474992982370572,22.51909167299813,-0.001927121810917881,-42.44354573900076,0.0,0.0,1.0,0.33144402345150525,2.3168484814661126
16.8,16.8,1.0,13.1420649758518,0.02035224369612934,31.30311135593098,-0.0010804691078812225,-0.8141002172090867,-0.0023733518126928576,33.949949434500624,0.8141043937187675,1.0,0.0,6106.840112364668,-1.6232172772450004,14620.647566818048,521.4855690950221,0.18110789176770342,31.348766448895613,1.0,14616.686427599385,0.0,1.0,523.0591129540437,27976.793357555976,1.0,1.0,-0.3546625072993014,18.43056886635027,0.011318689349155505,-44.328776923575504,0.0,0.0,1.0,-0.7001477090412696,7.440211605615359
16.84,16.84,1.0,11.907162829954984,-0.04559946747023843,41.817510680806656,0.002214531700292442,-0.04728585128053118,-0.0031357645255307488,43.479728673370005,0.047441426002341976,1.0,0.0,6106.840112364668,-1.6232172772450004,14620.647566818048,521.4855690950221,0.18110789176770342,31.348766448895613,1.0,14618.200269798015,0.0,1.0,522.1418700022106,28065.229555582086,1.0,1.0,-0.3546625072993014,18.43056886635027,0.011318689349155505,-44.328776923575504,0.0,0.0,1.0,-0.7001477090412696,7.440211605615359
16.88,16.88,1.0,12.950500106143267,0.05682517347575657,31.235627252606978,-0.0030912348251272612,0.718105493427029,-0.0002698580167639664,33.813948186559955,0.7181121975333451,1.0,0.0,6106.840112364668,-1.6232172772450004,14620.647566818048,521.4855690950221,0.18110789176770342,31.348766448895613,1.0,14625.582590519065,0.0,1.0,523.1054733363903,27655.44842597212,1.0,1.0,1.5343118902650452,18.295825777759323,-0.012341692466636356,-44.38564817721973,0.0,0.0,1.0,0.2031889702308056,7.648105639038597
16.92,16.92,1.0,16.332039170147016,0.006173937287565072,8.326266612744051,0.00024602873862532797,1.4879148348916043,0.0005455193606912972,18.33200090768093,1.487914955235017,1.0,0.0,6106.840112364668,-1.6232172772450004,14620.647566818048,521.4855690950221,0.18110789176770342,31.348766448895613,1.0,14620.50251616448,0.0,1.0,524.4209548969234,28383.838902169522,1.0,1.0,1.5343118902650452,18.295825777759323,-0.012341692466636356,-44.38564817721973,0.0,0.0,1.0,0.2031889702308056,7.648105639038597
16.96,16.96,1.0,17.14737675105938,0.009069762582047291,-14.013308677851969,0.0007896695428576316,0.7998917687235493,0.001230127340252789,22.145099498627822,0.799893104397674,1.0,0.0,6106.840112364668,-1.6232172772450004,14620.647566818048,521.4855690950221,0.18110789176770342,31.348766448895613,1.0,14624.280988682069,0.0,1.0,524.2557691883273,27883.860472602482,1.0,1.0,-0.6723994393777306,22.356849510946432,-0.031570130590208426,-42.503065772984385,0.0,0.0,1.0,0.49709290138602136,1.7651827789907644
17.0,17.0,1.0,16.578939306220146,0.033285684703864095,-23.584757595231526,-0.00026391805502851525,0.03453827286951301,-0.0016927720309185168,28.82885927819498,0.034580737740791026,1.0,0.0,6212.545816530107,-1.416417803531865,14618.168580873844,523.8618667570589,-0.08724795604579103,33.086505444515254,1.0,14620.75924448197,0.0,1.0,524.7177308384921,28120.312750041772,1.0,1.0,-0.6723994393777306,22.356849510946432,-0.031570130590208426,-42.503065772984385,0.0,0.0,1.0,0.49709290138602136,1.7651827789907644
17.04,17.04,1.0,17.105590728364096,0.0128420732373979,-13.143949744715044,-0.0037400105740051427,-0.7389633039847394,-0.0023986840752410186,21.572315915931124,0.738976661336763,1.0,0.0,6212.545816530107,-1.416417803531865,14618.168580873844,523.8618667570589,-0.08724795604579103,33.086505444515254,1.0,14625.357441489492,0.0,1.0,525.3975258523178,28244.127160771117,1.0,1.0,2.1031240075611026,22.34991714350943,-0.02726615395352731,-42.48067820006388,0.0,0.0,1.0,0.417805577361142,2.0372113522218496
17.080000000000002,17.080000000000002,1.0,16.02480669594412,-0.0025735834593884357,9.295464059092271,0.0012479531911326312,-1.5058513924186814,-0.0025412432650246545,18.52566026730447,1.505854053802619,1.0,0.0,6212.545816530107,-1.416417803531865,14618.168580873844,523.8618667570589,-0.08724795604579103,33.086505444515254,1.0,14628.620095334672,0.0,1.0,526.3651283671563,28555.00448846437,1.0,1.0,2.1031240075611026,22.34991714350943,-0.02726615395352731,-42.48067820006388,0.0,0.0,1.0,0.417805577361142,2.0372113522218496
17.12,17.12,1.0,12.534715109979597,0.027881804830879042,32.350439137285846,-0.000771397055529945,-0.7603625424290227,0.0007552433371254262,34.69395873431897,0.7603633088037868,1.0,0.0,6212.545816530107,-1.416417803531865,14618.168580873844,523.8618667570589,-0.08724795604579103,33.086505444515254,1.0,14634.259403014097,0.0,1.0,526.9868343033525,28667.007961034153,1.0,1.0,-0.8528683497707534,18.45967614532406,0.01230543159391111,-44.29813795475622,0.0,0.0,1.0,-0.43693832665923393,7.366955691330201
17.16,17.16,1.0,11.562824666538619,0.018811879096308198,42.049570968029094,0.0011169082830616549,0.013266721237509358,0.0012419659566191643,43.61038507914399,0.01337145676222133,1.0,0.0,6212.545816530107,-1.416417803531865,14618.168580873844,523.8618667570589,-0.08724795604579103,33.086505444515254,1.0,14626.613753455718,0.0,1.0,526.8889845218594,28316.79401048285,1.0,1.0,-0.8528683497707534,18.45967614532406,0.01230543159391111,-44.29813795475622,0.0,0.0,1.0,-0.43693832665923393,7.366955691330201
17.2,17.2,1.0,12.947162684458133,-0.012829483856444173,30.281298846632186,0.00022119861532466834,0.7745510344298174,-0.0018383082808150681,32.933057040191834,0.7745532475191509,1.0,0.0,6323.370727413655,0.9632456815418801,14630.24228788632,526.010146620933,-0.08604569435012474,33.67317846574722,1.0,14628.69969683424,0.0,1.0,527.663212271114,28396.999541547353,1.0,1.0,0.6376471464177453,18.50377975318006,0.02739162583351313,-44.300024395115976,0.0,0.0,1.0,-0.3243102512195052,7.962246010233262
17.240000000000002,17.240000000000002,1.0,16.414834679312946,0.035008856564034484,6.06080611148719,-0.0008557366051784472,1.5464535279130824,-0.002392713655601628,17.49803971564396,1.5464556157092237,1.0,0.0,6323.370727413655,0.9632456815418801,14630.24228788632,526.010146620933,-0.08604569435012474,33.67317846574722,1.0,14632.423366635154,0.0,1.0,527.8289181476432,28425.3402121876,1.0,1.0,0.6376471464177453,18.50377975318006,0.02739162583351313,-44.300024395115976,0.0,0.0,1.0,-0.3243102512195052,7.962246010233262
17.28,17.28,1.0,16.540934996816894,0.006635328682306051,-17.03373541216867,0.0015812053979159608,0.8348539606732649,-0.003410250367167173,23.743435233518287,0.8348624231991247,1.0,0.0,6323.370727413655,0.9632456815418801,14630.24228788632,526.010146620933,-0.08604569435012474,33.67317846574722,1.0,14630.606695780727,0.0,1.0,528.5491558459601,29103.094249345093,1.0,1.0,-0.7473959240104041,22.54825874321869,0.028033255378220826,-42.27977898243289,0.0,0.0,1.0,-0.7334748778543724,2.1310107968152088
17.32,17.32,1.0,15.976005391903179,-0.033872343373385815,-27.184334041946794,-0.0044589537645149165,0.06669694336421836,0.0011590475734823214,31.53128466970403,0.0668558741927845,1.0,0.0,6323.370727413655,0.9632456815418801,14630.24228788632,526.010146620933,-0.08604569435012474,33.67317846574722,1.0,14633.510072116458,0.0,1.0,529.011626566731,28668.0566569874,1.0,1.0,-0.7473959240104041,22.54825874321869,0.028033255378220826,-42.27977898243289,0.0,0.0,1.0,-0.7334748778543724,2.1310107968152088
17.36,17.36,1.0,16.425308590918366,0.008727474885947401,-17.195376263988887,-0.0012986911568580708,-0.7041335816052935,0.002560245987372642,23.77965103477902,0.7041394337789464,1.0,0.0,6323.370727413655,0.9632456815418801,14630.24228788632,526.010146620933,-0.08604569435012474,33.67317846574722,1.0,14632.229613671238,0.0,1.0,529.8543007344135,28193.90366727658,1.0,1.0,-0.027844400390611597,22.85430808129728,0.03516026829471212,-42.23534875737951,0.0,0.0,1.0,-0.19251634367797754,1.9209771353125722
17.400000000000002,17.400000000000002,1.0,16.504313228929075,0.03382749188542565,4.799667806322892,0.0019828775503877615,-1.4692858205820305,0.00011080541962985298,17.18808629571259,1.4692871627577202,1.0,0.0,6410.677598520871,-7.703064213955836,14645.553800461645,529.2652948299179,0.025147082319722323,30.679629162181733,1.0,14632.389757841886,0.0,1.0,529.8473239438514,28035.503815289772,1.0,1.0,-0.027844400390611597,22.85430808129728,0.03516026829471212,-42.23534875737951,0.0,0.0,1.0,-0.19251634367797754,1.9209771353125722
17.44,17.44,1.0,12.852601856218264,0.059762452574338404,29.297725178928978,0.0010676937333701318,-0.805116506984211,-0.003009801604155573,31.992962455597198,0.8051228407479579,1.0,0.0,6410.677598520871,-7.703064213955836,14645.553800461645,529.2652948299179,0.025147082319722323,30.679629162181733,1.0,14630.176541659395,0.0,1.0,531.0461426039736,28803.858014331538,1.0,1.0,0.5209595794447429,18.908491359753757,0.043063832469188185,-44.10033629104021,0.0,0.0,1.0,-0.10499902054069667,6.8533900367154255
17.48,17.48,1.0,11.609557350379438,-0.04825442443849174,40.08358359477525,0.0020160272026296397,-0.03872730227077159,5.224419859592448e-05,41.73101753085542,0.03877977612505957,1.0,0.0,6410.677598520871,-7.703064213955836,14645.553800461645,529.2652948299179,0.025147082319722323,30.679629162181733,1.0,14627.904419873897,0.0,1.0,530.0157231310793,29587.2551179212,1.0,1.0,0.5209595794447429,18.908491359753757,0.043063832469188185,-44.10033629104021,0.0,0.0,1.0,-0.10499902054069667,6.8533900367154255
17.52,17.52,1.0,12.75170863970533,-0.022731873614536963,29.071835866800768,0.005190440010905364,0.7273446340339126,0.0012058707743788082,31.745523001459862,0.7273641532614579,1.0,0.0,6410.677598520871,-7.703064213955836,14645.553800461645,529.2652948299179,0.025147082319722323,30.679629162181733,1.0,14642.614795677175,0.0,1.0,531.6098497077411,28691.688574527016,1.0,1.0,1.4773253983447212,18.735362689235757,-0.0459482287253689,-44.2074171712375,0.0,0.0,1.0,-0.6256453003322279,6.745160379158456
17.56,17.56,1.0,16.298676513901917,0.06180466194578025,5.279914689196933,0.0003814892310267312,1.4982676142362499,0.001371964861624221,17.132663979844285,1.498268290958198,1.0,0.0,6410.677598520871,-7.703064213955836,14645.553800461645,529.2652948299179,0.025147082319722323,30.679629162181733,1.0,14641.083082710735,0.0,1.0,531.8605660192655,28811.9431085243,1.0,1.0,1.4773253983447212,18.735362689235757,-0.0459482287253689,-44.2074171712375,0.0,0.0,1.0,-0.6256453003322279,6.745160379158456
17.6,17.6,1.0,16.279759384615225,-0.028008620538303202,-17.134359838092735,-0.00264558180106321,0.7687019741346685,-0.0007091598141474292,23.635093339461072,0.7687068537805842,1.0,0.0,6530.691176317163,-0.6138658739797028,14639.60835584097,531.7267410499013,-0.05829164331987166,32.94831910536006,1.0,14646.487311882829,0.0,1.0,532.4805796095465,29101.799383725684,1.0,1.0,-0.6283947407082577,22.719333354742474,0.007316337857621706,-42.28216007184793,0.0,0.0,1.0,-0.2698420082746881,2.0683058738763265
17.64,17.64,1.0,15.577017165545966,-0.021752829729021657,-26.49735753424901,-0.0014393340028817977,-0.00014546982006426743,0.0013789937253650393,30.73684911078456,0.0019986164051656883,1.0,0.0,6530.691176317163,-0.6138658739797028,14639.60835584097,531.7267410499013,-0.05829164331987166,32.94831910536006,1.0,14645.194961779434,0.0,1.0,533.4077037057363,29303.989137762226,1.0,1.0,-0.6283947407082577,22.719333354742474,0.007316337857621706,-42.28216007184793,0.0,0.0,1.0,-0.2698420082746881,2.0683058738763265
17.68,17.68,1.0,16.238472012988296,0.08844549520912529,-15.316960273135809,0.002034745083820607,-0.7669064210639228,-0.0009505065078999416,22.322747768387465,0.7669097093656153,1.0,0.0,6530.691176317163,-0.6138658739797028,14639.60835584097,531.7267410499013,-0.05829164331987166,32.94831910536006,1.0,14648.5404058458,0.0,1.0,533.4953016503324,29350.222240511048,1.0,1.0,0.08006196133329546,22.625562913044398,-0.11340471332079675,-42.222703080385834,0.0,0.0,1.0,-0.3691694718774619,2.073398717040456
17.72,17.72,1.0,15.453831342327017,-0.029920087794503225,8.354889910093581,-0.0043008688914032605,-1.5302551611127653,0.0029237954892845593,17.56775409033625,1.5302639981929718,1.0,0.0,6530.691176317163,-0.6138658739797028,14639.60835584097,531.7267410499013,-0.05829164331987166,32.94831910536006,1.0,14643.429709966798,0.0,1.0,533.8699649807653,29177.588814770676,1.0,1.0,0.08006196133329546,22.625562913044398,-0.11340471332079675,-42.222703080385834,0.0,0.0,1.0,-0.3691694718774619,2.073398717040456
17.76,17.76,1.0,11.91331597772909,-0.037173263216746216,32.9308990643349,0.0028779221911262648,-0.7932393107121162,0.002748262410894569,35.01960297636349,0.7932492921153164,1.0,0.0,6530.691176317163,-0.6138658739797028,14639.60835584097,531.7267410499013,-0.05829164331987166,32.94831910536006,1.0,14651.17088662599,0.0,1.0,534.5047278422431,29858.169003661482,1.0,1.0,0.478769674429891,18.642650583539528,0.010523766964870144,-44.27204157334197,0.0,0.0,1.0,-0.2246540029854331,6.9367560855499715
17.8,17.8,1.0,10.615301127515057,0.058376347527180635,43.58053897055837,-0.002138772283439108,-0.02378373099083572,-0.0005946714611209837,44.85478127011802,0.02388710616360882,1.0,0.0,6632.737236962523,6.056328255756588,14649.571173819839,533.796044617921,0.0016387381836419572,31.284290874739185,1.0,14652.71737089584,0.0,1.0,535.6472668821455,29636.915916120663,1.0,1.0,0.478769674429891,18.642650583539528,0.010523766964870144,-44.27204157334197,0.0,0.0,1.0,-0.2246540029854331,6.9367560855499715
17.84,17.84,1.0,11.911876588165944,-0.06818449135229211,31.960809842977948,0.0015878610574282623,0.7440185523939097,-0.0003249447777761004,34.108515341415156,0.7440203177321001,1.0,0.0,6632.737236962523,6.056328255756588,14649.571173819839,533.796044617921,0.0016387381836419572,31.284290874739185,1.0,14651.46254511944,0.0,1.0,535.7353304963424,29461.765806648964,1.0,1.0,1.2290467192044474,18.653382756087154,-0.015987447187313326,-44.30805574967737,0.0,0.0,1.0,-0.29965669569269543,7.653733749457431
17.88,17.88,1.0,15.51538911796889,0.08070463514472899,7.318684952835822,-0.001703241600485508,1.5143928849503254,-0.00018231037775516952,17.15508560628558,1.5143938537438646,1.0,0.0,6632.737236962523,6.056328255756588,14649.571173819839,533.796044617921,0.0016387381836419572,31.284290874739185,1.0,14657.343559911622,0.0,1.0,535.8203592753887,29186.403544255245,1.0,1.0,1.2290467192044474,18.653382756087154,-0.015987447187313326,-44.30805574967737,0.0,0.0,1.0,-0.29965669569269543,7.653733749457431
17.92,17.92,1.0,15.872755858314793,0.024258609337380055,-16.654536019310726,-6.993734344531166e-05,0.8354704439483472,0.0031110809537974898,23.00692367606569,0.8354762392953982,1.0,0.0,6632.737236962523,6.056328255756588,14649.571173819839,533.796044617921,0.0016387381836419572,31.284290874739185,1.0,14648.707480288977,0.0,1.0,536.6724065361626,29180.15500428662,1.0,1.0,-2.344827728237773,22.658276909667315,0.016052001306785028,-42.38643950185979,0.0,0.0,1.0,-0.20078946169070216,1.7297142531918042
17.96,17.96,1.0,15.256666271082022,-0.023081127192831997,-27.3314988938026,-0.0011049929126160636,0.06382919365183976,-0.002825250175015242,31.30139342309759,0.06390124419862586,1.0,0.0,6632.737236962523,6.056328255756588,14649.571173819839,533.796044617921,0.0016387381836419572,31.284290874739185,1.0,14654.235046868473,0.0,1.0,536.7336551101027,29139.514508675704,1.0,1.0,-2.344827728237773,22.658276909667315,0.016052001306785028,-42.38643950185979,0.0,0.0,1.0,-0.20078946169070216,1.7297142531918042
18.0,18.0,1.0,15.794754752907016,0.045719290759344125,-16.89431246910617,0.001909441744970731,-0.6999788345676718,-0.0029283263650384064,23.127779006247497,0.6999875641079588,1.0,0.0,6731.924439621154,-1.7281373802563205,14655.230046803785,536.854889607752,-0.010890690740103091,30.297747137371772,1.0,14664.275175176386,0.0,1.0,537.9802437520655,30070.71931504688,1.0,1.0,0.01816229763649361,22.83366543323749,-0.0259026939468348,-42.173340189668934,0.0,0.0,1.0,0.5206438344026939,1.1329970897128137
18.04,18.04,1.0,-12.914973104879282,0.03368654249763336,5.996812132582639,0.0023434389797607905,-1.466729105559476,0.0003743626172575024,14.239361672364073,1.466731025426585,1.0,0.0,6731.924439621154,-1.7281373802563205,14655.230046803785,536.854889607752,-0.010890690740103091,30.297747137371772,1.0,14660.844847784043,0.0,1.0,537.2704237880985,29143.747094735598,1.0,1.0,0.01816229763649361,22.83366543323749,-0.0259026939468348,-42.173340189668934,0.0,0.0,1.0,0.5206438344026939,1.1329970897128137
18.080000000000002,18.080000000000002,1.0,-16.411568389538726,0.013961573396101705,30.452211591983822,-0.0021241894759119256,-0.7726861845952898,0.0042042188921472875,34.59301898899534,0.7727005419318981,1.0,0.0,6731.924439621154,-1.7281373802563205,14655.230046803785,536.854889607752,-0.010890690740103091,30.297747137371772,1.0,14655.512148419288,0.0,1.0,536.7250196393019,29852.387274307795,1.0,1.0,0.28959087031399566,18.977625021522268,-0.07946782971157285,-44.03574058116377,0.0,0.0,1.0,0.3532467920227107,6.512816922706262
18.12,18.12,1.0,-17.57191145666259,-0.02894374518760282,40.90380886324953,0.0007634575141598519,-0.007352310587983422,-0.0023727002220711767,44.51847357561158,0.007763314028294674,1.0,0.0,6731.924439621154,-1.7281373802563205,14655.230046803785,536.854889607752,-0.010890690740103091,30.297747137371772,1.0,14658.899644210258,0.0,1.0,536.1986009232669,29267.220541094273,1.0,1.0,0.28959087031399566,18.977625021522268,-0.07946782971157285,-44.03574058116377,0.0,0.0,1.0,0.3532467920227107,6.512816922706262
18.16,18.16,1.0,-16.027900722735556,-0.03996044741211471,28.827111247894674,0.0006575763336098145,0.7615288645806757,0.0011437372980596038,32.98329185077984,0.7615300073740854,1.0,0.0,6731.924439621154,-1.7281373802563205,14655.230046803785,536.854889607752,-0.010890690740103091,30.297747137371772,1.0,14660.732444049378,0.0,1.0,534.3561987023382,29533.26487772499,1.0,1.0,-0.7230893000138929,19.002637433469996,0.08028638173477767,-44.08254867996851,0.0,0.0,1.0,0.09628577004808535,6.9640662020376265
18.2,18.2,1.0,-12.459366666259491,-0.011260945410911511,4.276331425919312,0.004845322423063901,1.5274622232414268,0.0006843650155091504,13.172811203288948,1.5274700615509622,1.0,0.0,6848.635715915246,0.9831535650093084,14664.321402835558,533.1738930480352,0.05205547028753813,32.00179459583202,1.0,14668.954978595972,0.0,1.0,534.9663691095205,28931.40881797732,1.0,1.0,-0.7230893000138929,19.002637433469996,0.08028638173477767,-44.08254867996851,0.0,0.0,1.0,0.09628577004808535,6.9640662020376265
18.240000000000002,18.240000000000002,1.0,-12.722718308065371,-0.0008575095030844426,-18.65627817291789,0.0021183476606681153,0.7959155861383919,-0.0013561241358772277,22.581502986891657,0.7959195604629298,1.0,0.0,6848.635715915246,0.9831535650093084,14664.321402835558,533.1738930480352,0.05205547028753813,32.00179459583202,1.0,14667.863609731327,0.0,1.0,533.424204096472,29474.667892286754,1.0,1.0,0.20645441707950507,22.988717429055647,-0.009353792530856697,-42.14663453847014,0.0,0.0,1.0,0.16756047355181194,1.3505961813961533
18.28,18.28,1.0,-13.295265719543055,-0.012202397434042713,-28.43857719212304,-0.002178948597675124,0.024130165217308933,-0.0023839455914863575,31.392943668348476,0.024345346310724426,1.0,0.0,6848.635715915246,0.9831535650093084,14664.321402835558,533.1738930480352,0.05205547028753813,32.00179459583202,1.0,14666.317593222662,0.0,1.0,533.4694928427439,29132.765537047264,1.0,1.0,0.20645441707950507,22.988717429055647,-0.009353792530856697,-42.14663453847014,0.0,0.0,1.0,0.16756047355181194,1.3505961813961533
18.32,18.32,1.0,-12.547452868394137,0.013589026774532812,-17.44326442650611,0.0005964072294198534,-0.7413242004743951,0.0010515792473803917,21.48735051138773,0.7413251862236289,1.0,0.0,6848.635715915246,0.9831535650093084,14664.321402835558,533.1738930480352,0.05205547028753813,32.00179459583202,1.0,14667.10679627056,0.0,1.0,532.8592826757209,29594.650848500612,1.0,1.0,0.17135333442137707,23.023591645868443,-0.006513326913753683,-42.130688227396185,0.0,0.0,1.0,0.22213609716081997,1.8014798210313416
18.36,18.36,1.0,-12.561883209480538,-0.03140959515336323,5.701261461197597,-0.0014933994886061857,-1.5106014303662683,0.004220363674801471,13.79515417022346,1.5106080640378547,1.0,0.0,6848.635715915246,0.9831535650093084,14664.321402835558,533.1738930480352,0.05205547028753813,32.00179459583202,1.0,14666.895354831991,0.0,1.0,532.1627100740482,28637.650111594285,1.0,1.0,0.17135333442137707,23.023591645868443,-0.006513326913753683,-42.130688227396185,0.0,0.0,1.0,0.22213609716081997,1.8014798210313416
18.400000000000002,18.400000000000002,1.0,-16.22376737687873,-0.09014098410569359,30.37900552756015,0.0017701985602128665,-0.8199130263752504,-0.0017361222233634422,34.43984219098021,0.8199167753760982,1.0,0.0,6956.760036669478,8.409986385009425,14670.028905180328,531.0302862108676,0.08821934058104117,28.09351862842355,1.0,14667.643075335403,0.0,1.0,531.6375947987719,28415.154436683755,1.0,1.0,0.16989326361465046,19.058565184558574,0.012835167436103896,-44.02333813963811,0.0,0.0,1.0,0.11140909085281474,6.439418379701263
18.44,18.44,1.0,-17.338368341147614,-0.006192147433114966,41.25598442514775,0.00023737301556213958,-0.04875129131802061,0.0022636246738859337,44.751260384083416,0.0488043927099524,1.0,0.0,6956.760036669478,8.409986385009425,14670.028905180328,531.0302862108676,0.08821934058104117,28.09351862842355,1.0,14668.450357834225,0.0,1.0,530.7468544900414,28669.526691127354,1.0,1.0,0.16989326361465046,19.058565184558574,0.012835167436103896,-44.02333813963811,0.0,0.0,1.0,0.11140909085281474,6.439418379701263
18.48,18.48,1.0,-16.12563144493759,-0.016943898073524907,30.27545355699096,-0.0016141071373761639,0.7165660340555856,0.001123367749368201,34.30217725852338,0.7165687325435725,1.0,0.0,6956.760036669478,8.409986385009425,14670.028905180328,531.0302862108676,0.08821934058104117,28.09351862842355,1.0,14676.298193535207,0.0,1.0,529.1606860219795,28405.103197074757,1.0,1.0,-0.2663803785456947,18.875487178927756,-0.005120691664023018,-44.03974013878787,0.0,0.0,1.0,0.07318933749724743,7.080799361145025
18.52,18.52,1.0,-12.60806376473656,-0.025609519716523425,6.822624420863387,-0.0009968369001680801,1.4852643910605667,-0.001238018520091224,14.33569432330798,1.4852652415397654,1.0,0.0,6956.760036669478,8.409986385009425,14670.028905180328,531.0302862108676,0.08821934058104117,28.09351862842355,1.0,14672.046439811584,0.0,1.0,528.702512680271,28175.5873682734,1.0,1.0,-0.2663803785456947,18.875487178927756,-0.005120691664023018,-44.03974013878787,0.0,0.0,1.0,0.07318933749724743,7.080799361145025
18.56,18.56,1.0,-12.313069622106047,-0.053802294397966924,-16.066215931431344,0.00045395516128091226,0.8039296281579024,0.001988278189413914,20.24198292067977,0.8039322150253404,1.0,0.0,6956.760036669478,8.409986385009425,14670.028905180328,531.0302862108676,0.08821934058104117,28.09351862842355,1.0,14683.157639714876,0.0,1.0,528.6031028821674,28208.90710974428,1.0,1.0,-0.29743510266531975,22.835869780449112,0.0372735850963442,-42.22600432755782,0.0,0.0,1.0,-0.32464693082161633,1.6411749584619664
18.6,18.6,1.0,-12.823915391710912,-0.08456421685776495,-25.798083033108828,0.0028351356809622943,0.034078016164661454,2.7188861709079818e-05,28.80973872258668,0.03419575879085875,1.0,0.0,7054.750940943381,-4.707740849065911,14676.274634960704,527.5551222159805,0.21365345521578336,28.466968982453402,1.0,14674.128747657172,0.0,1.0,527.7061536560351,28587.351665579914,1.0,1.0,-0.29743510266531975,22.835869780449112,0.0372735850963442,-42.22600432755782,0.0,0.0,1.0,-0.32464693082161633,1.6411749584619664
18.64,18.64,1.0,-12.20204489195542,0.04185159353097584,-15.278844803616867,0.0003231692488332577,-0.732878505672014,-0.0033381038414134504,19.553382051046476,0.7328861790562459,1.0,0.0,7054.750940943381,-4.707740849065911,14676.274634960704,527.5551222159805,0.21365345521578336,28.466968982453402,1.0,14677.393836956297,0.0,1.0,526.9814193973604,28880.819862056604,1.0,1.0,-1.0594275196850114,22.970000560792514,-0.06539884432204601,-42.18671317385203,0.0,0.0,1.0,0.2958394734931157,1.6139591903691195
18.68,18.68,1.0,-12.616854370930165,0.012788801212573987,7.293540210800291,-0.0011375294634218172,-1.5054277364287225,-0.0012544068615780175,14.573294293921908,1.5054286888188233,1.0,0.0,7054.750940943381,-4.707740849065911,14676.274634960704,527.5551222159805,0.21365345521578336,28.466968982453402,1.0,14677.076512122727,0.0,1.0,526.7890744990071,28601.377385943695,1.0,1.0,-1.0594275196850114,22.970000560792514,-0.06539884432204601,-42.18671317385203,0.0,0.0,1.0,0.2958394734931157,1.6139591903691195
18.72,18.72,1.0,-16.053215673830884,0.008002736865433175,30.933028661002616,-0.001226783509787737,-0.7777017627364995,0.0004956950582201544,34.850510177854446,0.7777028883030004,1.0,0.0,7054.750940943381,-4.707740849065911,14676.274634960704,527.5551222159805,0.21365345521578336,28.466968982453402,1.0,14677.82967240417,0.0,1.0,527.1370299794561,28392.252422230787,1.0,1.0,-0.4250400133589957,19.037035549339382,0.012166615092074156,-44.045744267305714,0.0,0.0,1.0,0.10475348642079925,6.968389647848602
18.76,18.76,1.0,-17.111570069601033,-0.046180084793624364,40.88863429016379,0.0025636434393102453,-0.010094246203730391,0.00023259747557001048,44.32480543625495,0.010417301747145728,1.0,0.0,7054.750940943381,-4.707740849065911,14676.274634960704,527.5551222159805,0.21365345521578336,28.466968982453402,1.0,14681.248366772752,0.0,1.0,525.9450473679352,28769.09822175862,1.0,1.0,-0.4250400133589957,19.037035549339382,0.012166615092074156,-44.045744267305714,0.0,0.0,1.0,0.10475348642079925,6.968389647848602
18.8,18.8,1.0,-15.71211488208692,-0.05534872111521458,29.4658403064959,0.003366540247227295,0.7560227440468246,-0.0005992146983535254,33.39325324847438,0.7560304770097441,1.0,0.0,7164.795173691705,11.720158430838417,14683.803603960367,524.4355659182012,-0.27294374785702735,28.504066794222304,1.0,14679.276114532,0.0,1.0,524.942435632555,27961.045542206928,1.0,1.0,-0.3655142224155269,18.97444540630989,0.05556564126142838,-44.119588761075846,0.0,0.0,1.0,-0.16475513340601022,6.694888078561287
18.84,18.84,1.0,-12.30381928118566,0.012208210870010228,5.699604591946699,-0.0010224951380073905,1.5235936191612343,-0.0011747224204528308,13.559852891865331,1.5235944151308447,1.0,0.0,7164.795173691705,11.720158430838417,14683.803603960367,524.4355659182012,-0.27294374785702735,28.504066794222304,1.0,14682.127818874318,0.0,1.0,524.1971916443413,27866.391617502984,1.0,1.0,-0.3655142224155269,18.97444540630989,0.05556564126142838,-44.119588761075846,0.0,0.0,1.0,-0.16475513340601022,6.694888078561287
18.88,18.88,1.0,-12.195876378378124,-0.016219804394728886,-16.81419929347676,-0.0012468986530969968,0.8202300837411545,-0.0016734226924668897,20.771542109325694,0.8202327385405803,1.0,0.0,7164.795173691705,11.720158430838417,14683.803603960367,524.4355659182012,-0.27294374785702735,28.504066794222304,1.0,14681.648274385705,0.0,1.0,523.7148042537648,28211.400410436923,1.0,1.0,0.16212920927147673,23.054394311920657,-0.0348084120623864,-42.10726289532366,0.0,0.0,1.0,0.3417585657046135,1.4730987024444078
18.92,18.92,1.0,-12.597096517445852,0.052420954861245324,-26.60968790973328,-0.0008018642431359344,0.050558520378070536,0.00044733640264836127,29.440874295437638,0.05056685751499027,1.0,0.0,7164.795173691705,11.720158430838417,14683.803603960367,524.4355659182012,-0.27294374785702735,28.504066794222304,1.0,14685.849956446371,0.0,1.0,522.5712020135444,27998.896456575683,1.0,1.0,0.16212920927147673,23.054394311920657,-0.0348084120623864,-42.10726289532366,0.0,0.0,1.0,0.3417585657046135,1.4730987024444078
18.96,18.96,1.0,-12.089927567023286,0.00042329483915646806,-16.404245039638422,-0.002603680179512111,-0.7178333384391141,-0.002218563310135973,20.378066740384128,0.7178414887343041,1.0,0.0,7164.795173691705,11.720158430838417,14683.803603960367,524.4355659182012,-0.27294374785702735,28.504066794222304,1.0,14684.973064378299,0.0,1.0,522.946073533029,28103.986073008222,1.0,1.0,-0.011780799960177103,23.252169874180776,-0.004042871882137195,-42.05800701501354,0.0,0.0,1.0,0.3299048882807555,1.0816147279953343
19.0,19.0,1.0,-12.062251975587579,-0.020115075403281963,5.281051023549991,0.0046023677434673445,-1.4840011224325549,0.0022884495388834796,13.167681164584877,1.4840100236087426,1.0,0.0,7271.639254156445,-2.888452151157601,14680.690118798217,521.8348028362086,0.038970311910947804,24.904105324148308,1.0,14691.058874776294,0.0,1.0,522.2083200042784,27714.36629333557,1.0,1.0,-0.011780799960177103,23.252169874180776,-0.004042871882137195,-42.05800701501354,0.0,0.0,1.0,0.3299048882807555,1.0816147279953343
19.04,19.04,1.0,-15.57359432024897,0.006178124500145788,28.782880896983674,-0.002709439942811407,-0.8038861927962573,-0.003077370789467985,32.72600053399225,0.8038966489818458,1.0,0.0,7271.639254156445,-2.888452151157601,14680.690118798217,521.8348028362086,0.038970311910947804,24.904105324148308,1.0,14687.319923985398,0.0,1.0,521.5405814889772,27845.784794354327,1.0,1.0,-2.78088721023609,19.270475636210836,-0.0007786055064745787,-43.94613780475109,0.0,0.0,1.0,0.110059450383215,6.237371921552174
19.080000000000002,19.080000000000002,1.0,-16.551320956158452,0.00318165885818267,38.875694929470065,0.0008680352268888255,-0.03398364655914719,-0.0005609417123476273,42.252406934587135,0.033999358438311866,1.0,0.0,7271.639254156445,-2.888452151157601,14680.690118798217,521.8348028362086,0.038970311910947804,24.904105324148308,1.0,14691.304951352788,0.0,1.0,520.8155980285892,27933.53422554972,1.0,1.0,-2.78088721023609,19.270475636210836,-0.0007786055064745787,-43.94613780475109,0.0,0.0,1.0,0.110059450383215,6.237371921552174
19.12,19.12,1.0,-15.314459681719473,-0.03583591383091614,28.090210860912286,0.0013257130590932048,0.7363809963076492,-0.0008573075828610734,31.993654148381456,0.7363826886982425,1.0,0.0,7271.639254156445,-2.888452151157601,14680.690118798217,521.8348028362086,0.038970311910947804,24.904105324148308,1.0,14691.900621100705,0.0,1.0,519.9712928735584,27362.21752631319,1.0,1.0,0.5072771022980785,19.17914666945962,0.036066057538230695,-44.088678752416506,0.0,0.0,1.0,0.04151520366306375,5.953668967452344
19.16,19.16,1.0,-11.960020211350859,-0.0009925036156577598,5.313054653732054,-5.394463797771572e-05,1.500465401022045,0.0010676079921649853,13.087040696602433,1.5004657818028024,1.0,0.0,7271.639254156445,-2.888452151157601,14680.690118798217,521.8348028362086,0.038970311910947804,24.904105324148308,1.0,14690.933922259215,0.0,1.0,519.7006079891748,27642.932651863175,1.0,1.0,0.5072771022980785,19.17914666945962,0.036066057538230695,-44.088678752416506,0.0,0.0,1.0,0.04151520366306375,5.953668967452344
19.2,19.2,1.0,-11.833664978298671,0.0038673266901342877,-16.15784634673123,-0.0012889661243725389,0.775495715597776,-0.0012411078108259823,20.02777172676491,0.775497779940584,1.0,0.0,7366.689339333175,-12.666611287209225,14687.512769800342,518.5508502643352,0.04945905482904544,27.161148780742867,1.0,14688.856974698441,0.0,1.0,519.4246961888396,27544.56965420773,1.0,1.0,-0.4375998710195759,23.092451646207795,0.03489428132337178,-42.123629849562576,0.0,0.0,1.0,0.7142259579169085,1.5014625516559188
19.240000000000002,19.240000000000002,1.0,-12.257286481898307,0.02979429907278558,-25.097578081403125,0.0018950704892074864,0.00528993210597893,-0.002370862849786627,27.930814258659034,0.006098824845610025,1.0,0.0,7366.689339333175,-12.666611287209225,14687.512769800342,518.5508502643352,0.04945905482904544,27.161148780742867,1.0,14688.710109305799,0.0,1.0,518.5162830505885,27105.123765105964,1.0,1.0,-0.4375998710195759,23.092451646207795,0.03489428132337178,-42.123629849562576,0.0,0.0,1.0,0.7142259579169085,1.5014625516559188
19.28,19.28,1.0,-11.655392488232865,-0.01048287573879384,-14.452083893712143,0.0016971197526331,-0.7587614036869447,-0.0028956251467610853,18.566394717777943,0.7587688268408421,1.0,0.0,7366.689339333175,-12.666611287209225,14687.512769800342,518.5508502643352,0.04945905482904544,27.161148780742867,1.0,14698.347148575553,0.0,1.0,517.429385518649,27245.408564187874,1.0,1.0,-0.8119912724646955,23.10723934314247,-0.05062706527312204,-42.02666231858956,0.0,0.0,1.0,0.30216674287049555,0.7112846409554742
19.32,19.32,1.0,-12.423053674097469,0.013938376092165902,7.6714506089225765,-0.002147947897724776,-1.5295156890041475,-0.0018690402516066073,14.600808584217974,1.5295183391844198,1.0,0.0,7366.689339333175,-12.666611287209225,14687.512769800342,518.5508502643352,0.04945905482904544,27.161148780742867,1.0,14696.272991832455,0.0,1.0,517.8113551247731,27317.307838860506,1.0,1.0,-0.8119912724646955,23.10723934314247,-0.05062706527312204,-42.02666231858956,0.0,0.0,1.0,0.30216674287049555,0.7112846409554742
19.36,19.36,1.0,-15.702979510223084,-0.021299373266853872,31.058863346691346,-0.0008515041571569059,-0.8174302259691999,-0.0038951134769017576,34.80283051060983,0.8174399496577011,1.0,0.0,7366.689339333175,-12.666611287209225,14687.512769800342,518.5508502643352,0.04945905482904544,27.161148780742867,1.0,14698.049830090376,0.0,1.0,517.1875615137983,27200.07620816803,1.0,1.0,-1.190108739236042,19.029321051820208,0.03037643088846719,-44.04755710957777,0.0,0.0,1.0,0.24846085525910727,6.461210710774958
19.400000000000002,19.400000000000002,1.0,-16.78849213122168,-0.001676113846206178,41.209740369400336,-0.000512261705439297,-0.04939848899215434,0.0024826845083096094,44.49827156376789,0.04946349006217266,1.0,0.0,7477.880490266902,8.619035884014437,14698.291802371985,515.5516811765705,0.1946148758313413,24.88991136153853,1.0,14696.305643501122,0.0,1.0,516.1235261964995,26836.241885410258,1.0,1.0,-1.190108739236042,19.029321051820208,0.03037643088846719,-44.04755710957777,0.0,0.0,1.0,0.24846085525910727,6.461210710774958
19.44,19.44,1.0,-15.666719152580741,-0.06180457430415145,30.83668328935781,0.0014309654475906462,0.7190422620910651,6.728270304904963e-05,34.58830647920485,0.7190436891191733,1.0,0.0,7477.880490266902,8.619035884014437,14698.291802371985,515.5516811765705,0.1946148758313413,24.88991136153853,1.0,14699.690125316298,0.0,1.0,514.2275718719244,27007.690663921523,1.0,1.0,0.3256076530690567,18.922856510498782,0.0011187789898697426,-44.09088698609257,0.0,0.0,1.0,-0.004196569987842044,7.201052260517599
19.48,19.48,1.0,-12.246647326754955,0.025712274243956678,8.583545756284487,0.0016064054969271207,1.4816526585297805,0.0007465197071529359,14.9552094474531,1.4816537174247768,1.0,0.0,7477.880490266902,8.619035884014437,14698.291802371985,515.5516811765705,0.1946148758313413,24.88991136153853,1.0,14693.162009298398,0.0,1.0,514.4448686827978,27377.334192622293,1.0,1.0,0.3256076530690567,18.922856510498782,0.0011187789898697426,-44.09088698609257,0.0,0.0,1.0,-0.004196569987842044,7.201052260517599
19.52,19.52,1.0,-11.388614089545962,-0.09334525933300268,-13.411240531685262,0.0007786460032097824,0.82054511930336,0.003976182991717389,17.594618973332796,0.8205551225440905,1.0,0.0,7477.880490266902,8.619035884014437,14698.291802371985,515.5516811765705,0.1946148758313413,24.88991136153853,1.0,14696.830115113746,0.0,1.0,514.6035696724821,26593.684768713363,1.0,1.0,-0.18761474170928943,22.8725906820824,0.0669180512321373,-42.194278518939015,0.0,0.0,1.0,0.7289373782662382,1.4543513498075966
19.56,19.56,1.0,-11.896918698607054,-0.021954706416210206,-22.934830265617,0.0002778299737691898,0.051426387686276095,0.0010527987204317433,25.836865054473257,0.051437913304285945,1.0,0.0,7477.880490266902,8.619035884014437,14698.291802371985,515.5516811765705,0.1946148758313413,24.88991136153853,1.0,14700.069694986256,0.0,1.0,513.6791901249561,27002.13563396949,1.0,1.0,-0.18761474170928943,22.8725906820824,0.0669180512321373,-42.194278518939015,0.0,0.0,1.0,0.7289373782662382,1.4543513498075966
19.6,19.6,1.0,-11.365377179523678,-0.03704653698421123,-13.214265755933228,-0.0024258002401095374,-0.7175046976636529,0.0015461002315478153,17.429572293867963,0.7175104641063716,1.0,0.0,7565.14732182452,-4.518262218013902,14705.478205989319,512.3017091512854,0.1963722327900042,23.80897059710287,1.0,14703.882884155928,0.0,1.0,513.5302009298464,26894.691130439478,1.0,1.0,0.5627029802467624,23.035541137199353,0.006233338489099098,-42.09174043955818,0.0,0.0,1.0,0.3601456901656752,1.7244883390207404
19.64,19.64,1.0,-12.122350509682432,0.013867094722983569,7.69644981838968,-0.0007924368238956166,-1.4857072747548812,-0.00242471773869755,14.359210075171424,1.485709464690795,1.0,0.0,7565.14732182452,-4.518262218013902,14705.478205989319,512.3017091512854,0.1963722327900042,23.80897059710287,1.0,14703.593969579693,0.0,1.0,512.2253893543311,26396.797958480285,1.0,1.0,0.5627029802467624,23.035541137199353,0.006233338489099098,-42.09174043955818,0.0,0.0,1.0,0.3601456901656752,1.7244883390207404
19.68,19.68,1.0,-15.406657655804983,0.012673788201450797,29.92548241052499,0.000596096477433523,-0.7738820251271114,0.002544447619071131,33.65857629565936,0.773886437637678,1.0,0.0,7565.14732182452,-4.518262218013902,14705.478205989319,512.3017091512854,0.1963722327900042,23.80897059710287,1.0,14699.989371058242,0.0,1.0,511.9501705589405,26425.438368890143,1.0,1.0,-0.08268861336957627,19.137425072109274,0.014773747816250325,-44.05343198133857,0.0,0.0,1.0,0.14403569053188714,6.648188082569149
19.72,19.72,1.0,-16.181190961434496,0.0505145574042888,38.82202853203327,-4.827340229446692e-05,-0.004238626197796019,0.004304591099000071,42.059284254406,0.0060413398261977,1.0,0.0,7565.14732182452,-4.518262218013902,14705.478205989319,512.3017091512854,0.1963722327900042,23.80897059710287,1.0,14699.371209532237,0.0,1.0,511.49960285752104,25889.386047614404,1.0,1.0,-0.08268861336957627,19.137425072109274,0.014773747816250325,-44.05343198133857,0.0,0.0,1.0,0.14403569053188714,6.648188082569149
19.76,19.76,1.0,-14.997132783607048,0.047409154412413654,27.932277618557432,-0.00023441676645531394,0.7663036010164338,0.0016845621888261536,31.703759592786906,0.7663054884520547,1.0,0.0,7565.14732182452,-4.518262218013902,14705.478205989319,512.3017091512854,0.1963722327900042,23.80897059710287,1.0,14708.343999788527,0.0,1.0,510.06561400545974,25885.167514221885,1.0,1.0,1.1214042459052325,19.227359776805738,0.041782811621249506,-43.97714726498153,0.0,0.0,1.0,-0.021042065302747884,6.782001847252489
19.8,19.8,1.0,-11.644030148721907,0.06916917070669472,5.477632511514644,-0.0017954638076095677,1.5350305862948697,-6.762947491535967e-05,12.868281952526655,1.5350316378253581,1.0,0.0,7683.579154202131,-5.768797721574338,14705.991834569057,509.4031770399477,-0.09661414083980267,25.601019029756813,1.0,14715.863543584725,0.0,1.0,509.81326729175737,26307.801922438335,1.0,1.0,1.1214042459052325,19.227359776805738,0.041782811621249506,-43.97714726498153,0.0,0.0,1.0,-0.021042065302747884,6.782001847252489
19.84,19.84,1.0,-11.35777393460723,-0.03362115524715469,-14.974314538680574,0.0030931842833756685,0.7662143145489463,-0.0009551216589369071,18.794420848620582,0.7662211533663802,1.0,0.0,7683.579154202131,-5.768797721574338,14705.991834569057,509.4031770399477,-0.09661414083980267,25.601019029756813,1.0,14707.771995498857,0.0,1.0,509.3905520969147,26378.20819513207,1.0,1.0,-0.8279991753798058,23.10999477232325,-0.012922835537528396,-41.97772787672874,0.0,0.0,1.0,-0.11646524720095042,0.814677213255075
19.88,19.88,1.0,-11.723195436409226,0.008044969258484512,-23.11835431223969,-0.000851881408286335,-0.0015310334169367913,-0.001722012682511415,25.920873481964836,0.0024566426146859894,1.0,0.0,7683.579154202131,-5.768797721574338,14705.991834569057,509.4031770399477,-0.09661414083980267,25.601019029756813,1.0,14710.58010298193,0.0,1.0,508.88981671580206,25959.977078502303,1.0,1.0,-0.8279991753798058,23.10999477232325,-0.012922835537528396,-41.97772787672874,0.0,0.0,1.0,-0.11646524720095042,0.814677213255075
19.92,19.92,1.0,-11.074955735098316,0.027188541039165834,-12.894520943854543,-0.0016498331482387727,-0.770669061818399,0.002088414761361872,16.997766150958025,0.770673657438532,1.0,0.0,7683.579154202131,-5.768797721574338,14705.991834569057,509.4031770399477,-0.09661414083980267,25.601019029756813,1.0,14707.099941714217,0.0,1.0,508.2955272767643,26035.25011589746,1.0,1.0,0.1062908685898711,23.1250253893835,-0.13688018033588983,-42.04874375932122,0.0,0.0,1.0,0.048209605007230524,1.6273067891446968
19.96,19.96,1.0,-11.98124002200202,0.012002604396989493,8.609409660471963,0.0013588624146057414,-1.539330441254785,2.1784112191533214e-05,14.753717878187967,1.5393310411848584,1.0,0.0,7683.579154202131,-5.768797721574338,14705.991834569057,509.4031770399477,-0.09661414083980267,25.601019029756813,1.0,14698.56280911642,0.0,1.0,508.3368307707692,26195.226977379785,1.0,1.0,0.1062908685898711,23.1250253893835,-0.13688018033588983,-42.04874375932122,0.0,0.0,1.0,0.048209605007230524,1.6273067891446968
20.0,20.0,1.0,-15.25210978536722,0.0359337905163228,30.756904510001448,0.005088095638202303,-0.7974406296014122,-0.00021294122155358824,34.3309673498948,0.7974568902456634,1.0,0.0,7778.084072944699,-7.191486908835696,14705.977077972186,506.9617617279042,0.12060143788055384,22.05273182114884,1.0,14713.69655034247,0.0,1.0,506.9351199101107,25733.198309376377,1.0,1.0,0.6694345087427592,19.09608687709961,0.02452127173454072,-44.0325245766014,0.0,0.0,1.0,0.5829894120697516,6.773750395898738
20.04,20.04,1.0,-16.215565358802838,0.07360209307442532,40.303416626563724,0.0014000455892717858,-0.030753247470241444,0.0023452353602036557,43.44324307585801,0.030874301393111727,1.0,0.0,7778.084072944699,-7.191486908835696,14705.977077972186,506.9617617279042,0.12060143788055384,22.05273182114884,1.0,14712.56368824767,0.0,1.0,506.864884422749,26086.530484533312,1.0,1.0,0.6694345087427592,19.09608687709961,0.02452127173454072,-44.0325245766014,0.0,0.0,1.0,0.5829894120697516,6.773750395898738
20.080000000000002,20.080000000000002,1.0,-15.055977171080537,0.026327073617367417,29.976450258714834,0.0007491800020209765,0.7374926512018375,0.001431755984188493,33.545054953064366,0.7374944215196402,1.0,0.0,7778.084072944699,-7.191486908835696,14705.977077972186,506.9617617279042,0.12060143788055384,22.05273182114884,1.0,14715.280309129941,0.0,1.0,505.45203780254195,25799.311105765646,1.0,1.0,-0.758968554177043,18.923128386755835,0.04820499947124162,-44.134337045968834,0.0,0.0,1.0,0.22809481668435935,6.285249614025983
20.12,20.12,1.0,-11.863985598824238,0.006303889076583964,8.3811810276203,0.0015861808767677096,1.5049285786076456,-0.0024849367836415536,14.52578360866872,1.5049314660776487,1.0,0.0,7778.084072944699,-7.191486908835696,14705.977077972186,506.9617617279042,0.12060143788055384,22.05273182114884,1.0,14717.170817345685,0.0,1.0,505.1147887128475,26306.649284583065,1.0,1.0,-0.758968554177043,18.923128386755835,0.04820499947124162,-44.134337045968834,0.0,0.0,1.0,0.22809481668435935,6.285249614025983
20.16,20.16,1.0,-10.95552959783869,0.04790477090741782,-13.101623468300849,-0.0043680192358597665,0.8444316120228653,-0.002596805219824806,17.07859657996894,0.8444469020447227,1.0,0.0,7778.084072944699,-7.191486908835696,14705.977077972186,506.9617617279042,0.12060143788055384,22.05273182114884,1.0,14711.0305387608,0.0,1.0,504.7900387663633,25465.70385558139,1.0,1.0,-0.6506419149059434,23.008121623203746,0.02492913174900744,-42.10800530856742,0.0,0.0,1.0,-0.05497569782581757,1.1159868450406163
20.2,20.2,1.0,-11.48781711508079,-0.043012745733476895,-22.514267061234055,0.0031802361244840822,0.08000448119341974,-0.0017722512631198424,25.275759404425564,0.08008727606414989,1.0,0.0,7871.56832838434,6.044070065744124,14723.22419979979,503.83862419907007,0.18233676228683818,23.27754496596556,1.0,14714.789233062447,0.0,1.0,504.79411944972526,25663.56299856691,1.0,1.0,-0.6506419149059434,23.008121623203746,0.02492913174900744,-42.10800530856742,0.0,0.0,1.0,-0.05497569782581757,1.1159868450406163
20.240000000000002,20.240000000000002,1.0,-10.969009143223538,0.020887281566824418,-13.68116181944666,0.0027120010502509236,-0.6924225643274757,-0.000669043566686108,17.53550075112022,0.6924281985583978,1.0,0.0,7871.56832838434,6.044070065744124,14723.22419979979,503.83862419907007,0.18233676228683818,23.27754496596556,1.0,14718.542735828432,0.0,1.0,504.2332995133223,25096.515651982583,1.0,1.0,0.030235007779877077,23.261547880813282,-0.06088580176161617,-42.02313381103267,0.0,0.0,1.0,-0.26966190004967466,1.043540588599077
20.28,20.28,1.0,-11.433043034430078,0.060891866572570064,6.19325208532675,0.0006327425247467243,-1.4575652901932128,-0.0006709787955493072,13.002867077646721,1.4575655819727877,1.0,0.0,7871.56832838434,6.044070065744124,14723.22419979979,503.83862419907007,0.18233676228683818,23.27754496596556,1.0,14716.87308843584,0.0,1.0,503.5044458626149,25415.40056990212,1.0,1.0,0.030235007779877077,23.261547880813282,-0.06088580176161617,-42.02313381103267,0.0,0.0,1.0,-0.26966190004967466,1.043540588599077
20.32,20.32,1.0,-14.46228362207504,0.0271792911464138,27.441334244258634,0.0003753505002798272,-0.7706879966579686,0.005090172344445046,31.019110422195038,0.7707048974381616,1.0,0.0,7871.56832838434,6.044070065744124,14723.22419979979,503.83862419907007,0.18233676228683818,23.27754496596556,1.0,14717.01526122833,0.0,1.0,502.59841627613133,25591.042732540303,1.0,1.0,0.5379369462081971,19.43318148108846,0.10115449464184187,-43.8600516915579,0.0,0.0,1.0,-0.040969749820833755,6.166134099381375
20.36,20.36,1.0,-15.392648998159919,-0.060271335529988576,35.58849186544303,-0.0002095363746293529,0.0010302024173030428,9.573360536849712e-05,38.77470862651511,0.001055645506837734,1.0,0.0,7871.56832838434,6.044070065744124,14723.22419979979,503.83862419907007,0.18233676228683818,23.27754496596556,1.0,14725.823379831238,0.0,1.0,502.1994650183185,25505.6951391143,1.0,1.0,0.5379369462081971,19.43318148108846,0.10115449464184187,-43.8600516915579,0.0,0.0,1.0,-0.040969749820833755,6.166134099381375
20.400000000000002,20.400000000000002,1.0,-14.246139702869051,-0.012342759207022937,25.189348277667623,0.002471910271410724,0.7705272718451436,-0.002264828364242481,28.93883058160788,0.7705345653797947,1.0,0.0,7981.041500979451,-0.7853778442487701,14713.498057131594,500.7898924871248,-0.1653272701572641,22.978507528725892,1.0,14721.820834305943,0.0,1.0,501.2160509520142,25187.105202934425,1.0,1.0,-0.9206049174536589,19.366757464346414,-0.032239997374706564,-43.909419049360366,0.0,0.0,1.0,-1.0711919047762521,5.4585078933331745
20.44,20.44,1.0,-10.984738707352612,-0.029624525095184796,3.703957651371903,0.0003564228033630016,1.5345050610895947,-0.00033392891631851796,11.592439965962917,1.534505138816849,1.0,0.0,7981.041500979451,-0.7853778442487701,14713.498057131594,500.7898924871248,-0.1653272701572641,22.978507528725892,1.0,14717.955023737493,0.0,1.0,500.67808892048157,25546.75802744178,1.0,1.0,-0.9206049174536589,19.366757464346414,-0.032239997374706564,-43.909419049360366,0.0,0.0,1.0,-1.0711919047762521,5.4585078933331745
20.48,20.48,1.0,-11.02655220041715,-0.028113444903493892,-15.927903795766959,-0.003306596207631058,0.7693929447196359,-0.002182221894646893,19.372242077816292,0.7694031446876407,1.0,0.0,7981.041500979451,-0.7853778442487701,14713.498057131594,500.7898924871248,-0.1653272701572641,22.978507528725892,1.0,14712.707988716671,0.0,1.0,500.14878356330144,25511.32699918202,1.0,1.0,-0.07780869972931144,23.35117810040607,0.013723735555388661,-41.877290350022534,0.0,0.0,1.0,0.37499685347697953,0.9628317571300742
20.52,20.52,1.0,-11.452942122623648,-0.014698816326007565,-23.59502467454547,-0.00022033214097268755,-0.0024663583112981093,4.4815587141043455e-06,26.227757981035626,0.002476184495635044,1.0,0.0,7981.041500979451,-0.7853778442487701,14713.498057131594,500.7898924871248,-0.1653272701572641,22.978507528725892,1.0,14720.942143132646,0.0,1.0,499.867660689855,25417.37919831128,1.0,1.0,-0.07780869972931144,23.35117810040607,0.013723735555388661,-41.877290350022534,0.0,0.0,1.0,0.37499685347697953,0.9628317571300742
20.56,20.56,1.0,-10.854890200865556,-0.05465226425935396,-13.77696281158547,-0.0015018817814871032,-0.7654615763521843,0.00026459110328973544,17.539564773809094,0.7654630954715638,1.0,0.0,7981.041500979451,-0.7853778442487701,14713.498057131594,500.7898924871248,-0.1653272701572641,22.978507528725892,1.0,14724.213817927,0.0,1.0,498.9094879696101,25135.18532448606,1.0,1.0,1.414885575423782,23.3982319370909,0.00023431798056931997,-41.83867253434458,0.0,0.0,1.0,-0.03507229808782554,0.6781145084151642
20.6,20.6,1.0,-11.35546744263965,-0.0700491626298623,6.884992572862149,0.0014589587802128305,-1.5389253260604534,0.001346435836155987,13.2798595796191,1.5389266066451823,1.0,0.0,8077.753352905681,-6.104435872948676,14729.896785392448,498.6612836126972,0.052773382444517535,19.558291445119213,1.0,14721.895707661391,0.0,1.0,499.0707710643294,24544.608071946743,1.0,1.0,1.414885575423782,23.3982319370909,0.00023431798056931997,-41.83867253434458,0.0,0.0,1.0,-0.03507229808782554,0.6781145084151642
20.64,20.64,1.0,-14.558033381373912,-0.00012175815623591881,29.287846026772222,-0.0029206635618692733,-0.8739199660901076,-0.0016186000746995697,32.70648652539645,0.8739263454506783,1.0,0.0,8077.753352905681,-6.104435872948676,14729.896785392448,498.6612836126972,0.052773382444517535,19.558291445119213,1.0,14726.041844151205,0.0,1.0,498.5230228138312,25373.1535547023,1.0,1.0,-0.8203312457283426,19.339898036165277,-0.032804191255112865,-43.927871822525326,0.0,0.0,1.0,-0.36354297164512867,6.480727962428028
20.68,20.68,1.0,-15.805367895623112,0.06684483437345026,39.53176448512943,0.0055874483693984164,-0.10396824523110357,-0.00032572252304774804,42.57434116760489,0.10411878644547104,1.0,0.0,8077.753352905681,-6.104435872948676,14729.896785392448,498.6612836126972,0.052773382444517535,19.558291445119213,1.0,14725.96168000462,0.0,1.0,497.34947507414785,25100.40182678464,1.0,1.0,-0.8203312457283426,19.339898036165277,-0.032804191255112865,-43.927871822525326,0.0,0.0,1.0,-0.36354297164512867,6.480727962428028
20.72,20.72,1.0,-14.846215443560576,0.0020970119422482987,30.81897530801079,-0.0012693339818501718,0.6641038940300119,-0.002933939728215071,34.208469074629086,0.66411158797066,1.0,0.0,8077.753352905681,-6.104435872948676,14729.896785392448,498.6612836126972,0.052773382444517535,19.558291445119213,1.0,14724.088205767417,0.0,1.0,496.53516234656445,25025.454197216204,1.0,1.0,-1.5372811500777221,18.93318099205729,0.05104012020822303,-44.16131778947767,0.0,0.0,1.0,0.6534484914557491,6.695839796355744
20.76,20.76,1.0,-11.926854732268481,0.042563964699356104,10.833127824431552,0.0022788067620675193,1.4316116404589136,0.00036740677480997163,16.112365870852084,1.4316135012793987,1.0,0.0,8077.753352905681,-6.104435872948676,14729.896785392448,498.6612836126972,0.052773382444517535,19.558291445119213,1.0,14725.2890077105,0.0,1.0,496.31734114595173,25148.455616022024,1.0,1.0,-1.5372811500777221,18.93318099205729,0.05104012020822303,-44.16131778947767,0.0,0.0,1.0,0.6534484914557491,6.695839796355744
20.8,20.8,1.0,-10.298719710980537,0.026128289103487412,-9.383281547952395,0.001953169001752174,0.7884269226739968,3.2404002714221185e-05,13.932346643009367,0.7884293426277065,1.0,0.0,8179.236381717935,-1.5384853080788188,14731.837438245226,495.33024242537454,0.13657015297554312,21.963587973201097,1.0,14730.011941923984,0.0,1.0,495.48927426698333,24665.85110161468,1.0,1.0,-1.3445872017367448,22.774828710689597,-0.00941830859995401,-42.28011408653364,0.0,0.0,1.0,0.27331021485348606,1.5114795624427502
20.84,20.84,1.0,-10.698720082694322,0.005381147972766217,-17.062220831348117,0.0018236124509663396,0.01628306967027989,-0.0022988477466111,20.13906701072048,0.016545350441154377,1.0,0.0,8179.236381717935,-1.5384853080788188,14731.837438245226,495.33024242537454,0.13657015297554312,21.963587973201097,1.0,14727.729285626456,0.0,1.0,495.22751455343337,24736.339166163743,1.0,1.0,-1.3445872017367448,22.774828710689597,-0.00941830859995401,-42.28011408653364,0.0,0.0,1.0,0.27331021485348606,1.5114795624427502
20.88,20.88,1.0,-10.188096494212513,-0.004700937839373393,-7.817608859739081,-0.0008623457003984064,-0.7513676373861212,-0.0026779774522411306,12.841819986204168,0.7513729045650658,1.0,0.0,8179.236381717935,-1.5384853080788188,14731.837438245226,495.33024242537454,0.13657015297554312,21.963587973201097,1.0,14739.659504776633,0.0,1.0,495.2026634922643,24621.714519905454,1.0,1.0,-0.7753233972932961,22.764690576125044,0.006248049726977316,-42.164341631490316,0.0,0.0,1.0,-0.024737741151589495,1.5533973533798473
20.92,20.92,1.0,-12.136904222222544,-0.0511690049352363,12.420641429204133,0.0018455465817646033,-1.5189971331567658,-0.00430065856310798,17.366041456801018,1.5190043424048316,1.0,0.0,8179.236381717935,-1.5384853080788188,14731.837438245226,495.33024242537454,0.13657015297554312,21.963587973201097,1.0,14732.606697967118,0.0,1.0,494.92772646894497,24683.37387601467,1.0,1.0,-0.7753233972932961,22.764690576125044,0.006248049726977316,-42.164341631490316,0.0,0.0,1.0,-0.024737741151589495,1.5533973533798473
20.96,20.96,1.0,-14.995484676880562,0.03954134700178418,32.585912264492734,0.0019125363585918685,-0.7493834771006446,-0.002982827164858483,35.87070953189943,0.749391853975389,1.0,0.0,8179.236381717935,-1.5384853080788188,14731.837438245226,495.33024242537454,0.13657015297554312,21.963587973201097,1.0,14735.495380895612,0.0,1.0,494.1515103073278,24399.46935811123,1.0,1.0,-0.3728052199950994,18.898582364382815,0.0069776501358185155,-44.14843102700697,0.0,0.0,1.0,-0.5644344856114529,7.0761967042539595
21.0,21.0,1.0,-15.708279853005774,-0.07267439750417619,40.0589176104699,0.0027457321733303027,0.013948150062630478,0.0006101871190148613,43.02873711405919,0.014228923489060281,1.0,0.0,8281.78701955992,-2.351414010211983,14724.80517759891,492.59049269338414,-0.14559284111256257,20.813670156867296,1.0,14736.0178802099,0.0,1.0,493.1907886884892,24758.437431297618,1.0,1.0,-0.3728052199950994,18.898582364382815,0.0069776501358185155,-44.14843102700697,0.0,0.0,1.0,-0.5644344856114529,7.0761967042539595
21.04,21.04,1.0,-14.488769264574074,-0.02855014275193597,29.645370730091127,-0.0014193186509288951,0.7871082789379068,-0.0007683624556455811,32.996564300503486,0.7871099336299153,1.0,0.0,8281.78701955992,-2.351414010211983,14724.80517759891,492.59049269338414,-0.14559284111256257,20.813670156867296,1.0,14732.753826553326,0.0,1.0,492.5150530926549,25044.75475269982,1.0,1.0,-1.0697721822478177,18.931303271885056,0.045208192096804475,-44.051386335476785,0.0,0.0,1.0,-0.131694028107703,6.810287447494771
21.080000000000002,21.080000000000002,1.0,-11.38000646128821,0.06117140373008687,8.428661538561872,-0.0005880476219581717,1.551603202578996,0.004263818182614532,14.161589752963044,1.5516091725041126,1.0,0.0,8281.78701955992,-2.351414010211983,14724.80517759891,492.59049269338414,-0.14559284111256257,20.813670156867296,1.0,14737.16220485027,0.0,1.0,491.9375166521078,24376.081542161086,1.0,1.0,-1.0697721822478177,18.931303271885056,0.045208192096804475,-44.051386335476785,0.0,0.0,1.0,-0.131694028107703,6.810287447494771
21.12,21.12,1.0,-10.278952215944358,0.013508800308487293,-12.026141400566605,-0.0019482338857298566,0.8531564435657109,-0.0003541353164977018,15.820401958603178,0.8531587415157791,1.0,0.0,8281.78701955992,-2.351414010211983,14724.80517759891,492.59049269338414,-0.14559284111256257,20.813670156867296,1.0,14735.615907906642,0.0,1.0,491.1957313250819,23696.960507623648,1.0,1.0,-1.157116403574019,23.07756767497715,0.043683630655146195,-42.1147980251961,0.0,0.0,1.0,0.044235116949564356,1.6108033615305302
21.16,21.16,1.0,-10.853302626695644,0.04299843035434014,-21.019573263295456,-0.00062421094738932,0.07896038270881386,-0.002079149756652281,23.656256824415326,0.07899021800539469,1.0,0.0,8281.78701955992,-2.351414010211983,14724.80517759891,492.59049269338414,-0.14559284111256257,20.813670156867296,1.0,14734.615737566008,0.0,1.0,491.21397212631354,24264.30723771572,1.0,1.0,-1.157116403574019,23.07756767497715,0.043683630655146195,-42.1147980251961,0.0,0.0,1.0,0.044235116949564356,1.6108033615305302
21.2,21.2,1.0,-10.373455024058176,0.018377795220076838,-12.704613943730621,-0.0017287427705955575,-0.6838706334989203,0.0023791940761003954,16.401710957663823,0.68387695711892,1.0,0.0,8377.186887712714,6.984003165924348,14735.453646715883,489.84445185445225,0.10752938701501734,19.770661466654797,1.0,14740.195523271384,0.0,1.0,490.85274436492523,24284.827214112946,1.0,1.0,-1.024797596593459,23.306903257941443,0.0028089637338317855,-42.01822643080026,0.0,0.0,1.0,-0.30528115609473205,0.7305747891151427
21.240000000000002,21.240000000000002,1.0,-10.902200649731736,-0.06161422610578574,6.038534690834981,-0.00019507878582746273,-1.4481985946412375,-0.002507495604389426,12.462972219028943,1.4482007785907292,1.0,0.0,8377.186887712714,6.984003165924348,14735.453646715883,489.84445185445225,0.10752938701501734,19.770661466654797,1.0,14741.02980089734,0.0,1.0,489.95249701135066,24383.82135500899,1.0,1.0,-1.024797596593459,23.306903257941443,0.0028089637338317855,-42.01822643080026,0.0,0.0,1.0,-0.30528115609473205,0.7305747891151427
21.28,21.28,1.0,-13.954621107590535,0.03171810966879355,26.745668979695473,0.0033317813605600326,-0.8123520847613173,-0.0008265124079287256,30.16725485466546,0.8123593376738236,1.0,0.0,8377.186887712714,6.984003165924348,14735.453646715883,489.84445185445225,0.10752938701501734,19.770661466654797,1.0,14737.169264084987,0.0,1.0,489.21864157210996,24100.16683379994,1.0,1.0,-0.3343034926294194,19.444891821672154,0.019481940946384755,-43.85881415408018,0.0,0.0,1.0,-0.16703250028316527,5.637252789145824
21.32,21.32,1.0,-14.804527255269555,0.03725331556533686,35.74160410523663,0.002464042329887941,-0.046749827301040325,-0.0006973128783156808,38.68640173338699,0.04681991138960902,1.0,0.0,8377.186887712714,6.984003165924348,14735.453646715883,489.84445185445225,0.10752938701501734,19.770661466654797,1.0,14742.794395713394,0.0,1.0,488.3921028291562,24212.686420148744,1.0,1.0,-0.3343034926294194,19.444891821672154,0.019481940946384755,-43.85881415408018,0.0,0.0,1.0,-0.16703250028316527,5.637252789145824
21.36,21.36,1.0,-13.772006240289047,0.05191999464407476,26.406111267841172,0.0010152606469324996,0.7232550101621654,-0.001817389141378242,29.78176562694047,0.7232580060961278,1.0,0.0,8377.186887712714,6.984003165924348,14735.453646715883,489.84445185445225,0.10752938701501734,19.770661466654797,1.0,14742.71034811264,0.0,1.0,487.86207785849035,24614.531883470176,1.0,1.0,-0.6969453721814493,19.24450227495128,0.06535336688343613,-43.93288688973111,0.0,0.0,1.0,-0.794638177434183,6.825437922320992
21.400000000000002,21.400000000000002,1.0,-10.931284852293757,-0.011426901081371597,6.563590937173474,-0.0014127223544907594,1.4931623797412843,-0.000838339791674223,12.750444897594791,1.4931632833929158,1.0,0.0,8465.727165586848,3.526037216756716,14734.162302668945,487.1830237170245,-0.007706402712320785,21.28094226721144,1.0,14743.18740257105,0.0,1.0,487.4419018543094,24155.485930260285,1.0,1.0,-0.6969453721814493,19.24450227495128,0.06535336688343613,-43.93288688973111,0.0,0.0,1.0,-0.794638177434183,6.825437922320992
21.44,21.44,1.0,-10.129601023547306,0.029196006131507395,-11.904917450057276,0.0005194139775151502,0.740568221766284,-0.0015264644461288688,15.631274061819237,0.7405699770951165,1.0,0.0,8465.727165586848,3.526037216756716,14734.162302668945,487.1830237170245,-0.007706402712320785,21.28094226721144,1.0,14739.575620228452,0.0,1.0,486.5847088596385,23950.915657773425,1.0,1.0,-0.8535937264422073,23.03974424311825,0.008808520422135037,-42.114254217605314,0.0,0.0,1.0,0.12269643875941562,1.4182033693021359
21.48,21.48,1.0,-10.447548964831856,-0.02005877937177845,-18.25275788474394,-0.002399547556106896,-0.028143680606789404,-0.002091427927712991,21.031282702827973,0.028323111717249754,1.0,0.0,8465.727165586848,3.526037216756716,14734.162302668945,487.1830237170245,-0.007706402712320785,21.28094226721144,1.0,14744.310237978212,0.0,1.0,486.93057915878495,24269.41694921294,1.0,1.0,-0.8535937264422073,23.03974424311825,0.008808520422135037,-42.114254217605314,0.0,0.0,1.0,0.12269643875941562,1.4182033693021359
21.52,21.52,1.0,-9.880413458758147,-0.005078528431204713,-8.754121251783916,0.00484533044028018,-0.7984601684323936,0.0002821862423394926,13.200652817129725,0.7984749197246193,1.0,0.0,8465.727165586848,3.526037216756716,14734.162302668945,487.1830237170245,-0.007706402712320785,21.28094226721144,1.0,14746.169698987615,0.0,1.0,486.74032751061003,24036.573261326044,1.0,1.0,1.4344964950988353,23.03586451991874,0.0782136087894515,-42.1005381489494,0.0,0.0,1.0,0.1214841056140077,1.118878953256971
21.56,21.56,1.0,-11.44848789446415,-0.023743090752211152,11.408902779269065,0.0006242215036591395,-1.5655555414415632,-0.0003467594956948797,16.16265762276935,1.5655557042893808,1.0,0.0,8465.727165586848,3.526037216756716,14734.162302668945,487.1830237170245,-0.007706402712320785,21.28094226721144,1.0,14751.5048625855,0.0,1.0,485.9057860552649,23453.46788876759,1.0,1.0,1.4344964950988353,23.03586451991874,0.0782136087894515,-42.1005381489494,0.0,0.0,1.0,0.1214841056140077,1.118878953256971
21.6,21.6,1.0,-14.347191390573476,-0.010299794522721086,31.46347268077866,-0.004904147436291514,-0.7998738046156829,-7.615324392533666e-05,34.580227298524484,0.7998888421348064,1.0,0.0,8568.51088713803,-4.872004774172153,14744.098034003302,484.90420795593593,-0.08068425985221397,18.46216020284686,1.0,14743.456303663259,0.0,1.0,485.2683890603808,23937.943227262767,1.0,1.0,-0.4914187633824134,18.92991346215141,0.051580999069539724,-44.10720687593518,0.0,0.0,1.0,-0.4396726542829879,6.571219265573518
21.64,21.64,1.0,-15.265282159433832,-0.002413297036227225,39.51263114580513,0.0016134339382701825,-0.031622789556252986,0.0015892546021112322,42.358905383585885,0.03170378082473062,1.0,0.0,8568.51088713803,-4.872004774172153,14744.098034003302,484.90420795593593,-0.08068425985221397,18.46216020284686,1.0,14740.211231642481,0.0,1.0,484.82266760966695,23747.929834788505,1.0,1.0,-0.4914187633824134,18.92991346215141,0.051580999069539724,-44.10720687593518,0.0,0.0,1.0,-0.4396726542829879,6.571219265573518
21.68,21.68,1.0,-14.179522607437335,0.02329239597046674,29.96555245558883,0.0010158596239366045,0.7369848694160064,-0.002187843167254014,33.151074460402974,0.7369888169956367,1.0,0.0,8568.51088713803,-4.872004774172153,14744.098034003302,484.90420795593593,-0.08068425985221397,18.46216020284686,1.0,14743.693420574502,0.0,1.0,484.2715987307803,23727.899397366986,1.0,1.0,2.2154995193782216,18.822199192523247,-0.0015853220087698983,-44.13871964920842,0.0,0.0,1.0,-0.03300770474115865,6.8050971912771585
21.72,21.72,1.0,-11.34761595050429,0.04936469215576104,10.154906384828756,-0.00033995836125675456,1.5067312300740399,-8.065242666538907e-05,15.228031662615063,1.5067312705844167,1.0,0.0,8568.51088713803,-4.872004774172153,14744.098034003302,484.90420795593593,-0.08068425985221397,18.46216020284686,1.0,14736.933571110452,0.0,1.0,482.43311011717356,23815.558796614496,1.0,1.0,2.2154995193782216,18.822199192523247,-0.0015853220087698983,-44.13871964920842,0.0,0.0,1.0,-0.03300770474115865,6.8050971912771585
21.76,21.76,1.0,-9.735014535875449,-0.04593101690447325,-10.153823023886654,0.0028292300374053816,0.8803290076843017,-0.002741470255627664,14.066724553798261,0.8803378226409417,1.0,0.0,8568.51088713803,-4.872004774172153,14744.098034003302,484.90420795593593,-0.08068425985221397,18.46216020284686,1.0,14746.938560103717,0.0,1.0,482.8038769091582,23745.322176062073,1.0,1.0,1.0104188966615302,22.997239656827364,0.04775401012582348,-42.14079713616128,0.0,0.0,1.0,0.6677252889912388,1.5941276411690604
21.8,21.8,1.0,-10.31061215671393,-0.050672200661209844,-19.34353707519831,-0.0012295096155719243,0.11537876940161981,-0.002524384094955174,21.91993880688695,0.11541293098082991,1.0,0.0,8668.962125718414,4.967836126403798,14752.587220657564,481.81784714008694,0.06376249513611901,19.657054700650548,1.0,14750.67423183719,0.0,1.0,481.8794605473753,23660.942656721607,1.0,1.0,1.0104188966615302,22.997239656827364,0.04775401012582348,-42.14079713616128,0.0,0.0,1.0,0.6677252889912388,1.5941276411690604
21.84,21.84,1.0,-9.887271291521582,0.025411677422127573,-11.702722976306298,0.0005856701597358743,-0.6525075211865485,0.00017314412489587188,15.320329774703403,0.6525078069980758,1.0,0.0,8668.962125718414,4.967836126403798,14752.587220657564,481.81784714008694,0.06376249513611901,19.657054700650548,1.0,14750.472433117986,0.0,1.0,481.1384249691833,23179.652821282845,1.0,1.0,-1.6084026348394456,23.378369998133255,-0.01836852735530344,-41.97488943295775,0.0,0.0,1.0,-0.022880466532451335,0.6468164977770032
21.88,21.88,1.0,-10.443642070417837,0.0671136578506817,5.8818236889353805,-0.00032280443181236987,-1.4188245440169895,-0.0032109944445295096,11.986242690926664,1.4188282141940376,1.0,0.0,8668.962125718414,4.967836126403798,14752.587220657564,481.81784714008694,0.06376249513611901,19.657054700650548,1.0,14747.845088020878,0.0,1.0,481.42562770503156,23353.750868722207,1.0,1.0,-1.6084026348394456,23.378369998133255,-0.01836852735530344,-41.97488943295775,0.0,0.0,1.0,-0.022880466532451335,0.6468164977770032
21.92,21.92,1.0,-13.251559203346277,-0.036655702273170394,24.848442671554498,-0.0011592977099175734,-0.7407733166510346,0.002842324393357388,28.16114820389664,0.7407796767199485,1.0,0.0,8668.962125718414,4.967836126403798,14752.587220657564,481.81784714008694,0.06376249513611901,19.657054700650548,1.0,14750.50347358971,0.0,1.0,481.5450482066324,23249.094516432153,1.0,1.0,0.6658966326018076,19.686386785475154,-0.03887889087657168,-43.780321225672125,0.0,0.0,1.0,-0.00468925976116742,6.13433397740338
21.96,21.96,1.0,-13.917825502016072,-0.009364125656895523,31.367660253673847,-0.0019319323026241494,0.02783373323978167,0.0005010366284454347,34.31670240832193,0.027905198551314656,1.0,0.0,8668.962125718414,4.967836126403798,14752.587220657564,481.81784714008694,0.06376249513611901,19.657054700650548,1.0,14747.317402685358,0.0,1.0,480.2563654167109,23061.751724194844,1.0,1.0,0.6658966326018076,19.686386785475154,-0.03887889087657168,-43.780321225672125,0.0,0.0,1.0,-0.00468925976116742,6.13433397740338
22.0,22.0,1.0,-12.786731779818314,-0.037789792243613285,21.53879733442984,-0.0005921965098284662,0.7944317163434635,-0.0021790668342595446,25.048387738356645,0.7944349255674726,1.0,0.0,8762.44564505811,0.6370861637281496,14761.777786154156,479.57323744991146,0.15839065727433083,19.33606285605356,1.0,14751.082700180614,0.0,1.0,479.1483740217395,23651.579402489057,1.0,1.0,0.7514138311462069,19.735431473072445,0.056532401709188114,-43.70740376072467,0.0,0.0,1.0,0.9924818913196944,5.343210446956872
22.04,22.04,1.0,-9.8301319274421,-0.005244273144400311,1.6752186265072049,0.00045650308189198666,1.5643414460067853,-0.002909622457282089,9.971854324041946,1.5643442185121879,1.0,0.0,8762.44564505811,0.6370861637281496,14761.777786154156,479.57323744991146,0.15839065727433083,19.33606285605356,1.0,14756.895417877378,0.0,1.0,478.81216353792047,23297.792971598992,1.0,1.0,0.7514138311462069,19.735431473072445,0.056532401709188114,-43.70740376072467,0.0,0.0,1.0,0.9924818913196944,5.343210446956872
22.080000000000002,22.080000000000002,1.0,-10.14292510115123,0.06664670445091819,-16.41307304555191,-0.0025415177993891457,0.7970296236153235,-0.0014108071907945978,19.29436026898535,0.7970349243352128,1.0,0.0,8762.44564505811,0.6370861637281496,14761.777786154156,479.57323744991146,0.15839065727433083,19.33606285605356,1.0,14750.885685207946,0.0,1.0,478.84016418955565,23218.145175010995,1.0,1.0,1.1837759970263568,23.789160911180236,-0.05612840879792455,-41.710045166000455,0.0,0.0,1.0,0.0978086595773079,0.5140243812683739
22.12,22.12,1.0,-10.428836729901379,-0.026503189541293996,-23.566284529540457,-0.0014789328981623926,0.031136982581174925,0.001350469762001524,25.7707412482694,0.031201325217941275,1.0,0.0,8762.44564505811,0.6370861637281496,14761.777786154156,479.57323744991146,0.15839065727433083,19.33606285605356,1.0,14762.288697877102,0.0,1.0,477.92933872957155,23434.25668046274,1.0,1.0,1.1837759970263568,23.789160911180236,-0.05612840879792455,-41.710045166000455,0.0,0.0,1.0,0.0978086595773079,0.5140243812683739
22.16,22.16,1.0,-10.006191396765015,-0.023238325876677846,-14.832985641130565,0.001767625425129751,-0.7337714987846069,0.001417365254973455,17.892508748592782,0.7337749967479936,1.0,0.0,8762.44564505811,0.6370861637281496,14761.777786154156,479.57323744991146,0.15839065727433083,19.33606285605356,1.0,14753.976956753251,0.0,1.0,477.67506702509127,22841.480673951595,1.0,1.0,-0.8581305126495719,23.835602165664145,-0.050649609413184124,-41.641623881807426,0.0,0.0,1.0,0.6735223794588046,0.35841500944172505
22.2,22.2,1.0,-9.98140184758625,0.04098669779073995,3.465655669533067,-0.0012762693665428306,-1.5099201634284816,0.000583422149697633,10.566022523739038,1.5099208155306667,1.0,0.0,8866.827363690913,-3.3722426646955914,14753.774866244386,477.1927061720142,0.053230832729062434,15.749996916459029,1.0,14757.472128198826,0.0,1.0,477.2736947985529,22834.590641160008,1.0,1.0,-0.8581305126495719,23.835602165664145,-0.050649609413184124,-41.641623881807426,0.0,0.0,1.0,0.6735223794588046,0.35841500944172505
22.240000000000002,22.240000000000002,1.0,-13.384541870381849,-0.05384696888237165,25.845427750831593,0.0010889783174645317,-1.05737573608433,0.005304219291112425,29.10558359146091,1.0573896007980894,1.0,0.0,8866.827363690913,-3.3722426646955914,14753.774866244386,477.1927061720142,0.053230832729062434,15.749996916459029,1.0,14762.41026374322,0.0,1.0,476.76727971806474,23190.767680815938,1.0,1.0,0.6364742490972388,19.631956619523876,0.02075766500159664,-43.85043386268045,0.0,0.0,1.0,0.08629417837478938,6.2753988865172055
22.28,22.28,1.0,-14.847830068101018,0.02595355161046542,37.8095344034414,-0.00020079227679419028,-0.2870778075365931,0.0016796078517519598,40.62043356640922,0.28708279115978247,1.0,0.0,8866.827363690913,-3.3722426646955914,14753.774866244386,477.1927061720142,0.053230832729062434,15.749996916459029,1.0,14756.346253569951,0.0,1.0,476.6443466303565,22804.691864498414,1.0,1.0,0.6364742490972388,19.631956619523876,0.02075766500159664,-43.85043386268045,0.0,0.0,1.0,0.08629417837478938,6.2753988865172055
22.32,22.32,1.0,-14.346539747992486,-0.006707744317552646,32.39270942951191,-0.0010678777639225475,0.48064185907510376,0.0025677286298774727,35.42754397244257,0.4806499040761449,1.0,0.0,8866.827363690913,-3.3722426646955914,14753.774866244386,477.1927061720142,0.053230832729062434,15.749996916459029,1.0,14755.283130827836,0.0,1.0,475.5717823665223,22425.485162219713,1.0,1.0,0.5236196536837582,18.583850532940318,0.017995728794754237,-44.2407932829233,0.0,0.0,1.0,0.2985508946706312,6.571700096931853
22.36,22.36,1.0,-12.188885928819056,-0.03041109542070822,16.451972699736725,-0.0010409377343570355,1.2450016724406614,0.0023779108997434247,20.475284387118297,1.2450043784628462,1.0,0.0,8866.827363690913,-3.3722426646955914,14753.774866244386,477.1927061720142,0.053230832729062434,15.749996916459029,1.0,14762.65192613301,0.0,1.0,474.59018412767836,22716.966491606687,1.0,1.0,0.5236196536837582,18.583850532940318,0.017995728794754237,-44.2407932829233,0.0,0.0,1.0,0.2985508946706312,6.571700096931853
22.400000000000002,22.400000000000002,1.0,-9.649990189048799,0.004842763833705595,-1.2267760130732188,-0.002340433473750133,0.706529471638491,0.0021671588675105297,9.727657142773456,0.7065366717306097,1.0,0.0,8952.969420234487,-14.228405682700595,14761.00889532772,474.3818198525532,-0.044983388109707964,18.072610992688958,1.0,14753.428318580352,0.0,1.0,474.2360810624998,22884.81529339878,1.0,1.0,0.196526049384413,21.956335817691038,0.03507984880343043,-42.74795810366597,0.0,0.0,1.0,-0.2341003913769327,3.4261462071371898
22.44,22.44,1.0,-8.981319757581957,-0.013627894369865392,-5.739925968794729,-0.0028000184166991422,-0.06354797414163224,0.002526602647100561,10.658847988158996,0.06365978983295302,1.0,0.0,8952.969420234487,-14.228405682700595,14761.00889532772,474.3818198525532,-0.044983388109707964,18.072610992688958,1.0,14757.550143569404,0.0,1.0,473.2157591995141,22802.573974879524,1.0,1.0,0.196526049384413,21.956335817691038,0.03507984880343043,-42.74795810366597,0.0,0.0,1.0,-0.2341003913769327,3.4261462071371898
22.48,22.48,1.0,-10.03911826166689,-0.007142768178168552,3.845954159515022,-0.0005357561325509373,-0.8312286230813535,-0.002796211915178777,10.75059579223225,0.8312334988830942,1.0,0.0,8952.969420234487,-14.228405682700595,14761.00889532772,474.3818198525532,-0.044983388109707964,18.072610992688958,1.0,14754.125151881113,0.0,1.0,473.7291107423689,22606.8684990896,1.0,1.0,1.0607014033795303,21.72717979523395,0.0620764102434097,-42.80383172886353,0.0,0.0,1.0,-0.8937839648938821,2.9378816611159304
22.52,22.52,1.0,-12.517713657144762,0.023416797078361532,21.598622473004212,-0.002371826930287418,-1.1225111525131621,0.0006591560052995112,24.96385780042853,1.1225138518370514,1.0,0.0,8952.969420234487,-14.228405682700595,14761.00889532772,474.3818198525532,-0.044983388109707964,18.072610992688958,1.0,14761.05906038196,0.0,1.0,472.59146976362496,23057.827525480065,1.0,1.0,1.0607014033795303,21.72717979523395,0.0620764102434097,-42.80383172886353,0.0,0.0,1.0,-0.8937839648938821,2.9378816611159304
22.56,22.56,1.0,-14.239230748560525,0.01973127317363503,34.470777616650864,0.002069957412575977,-0.35333152063146744,-0.0008379968894051548,37.29598626032687,0.35333857761957105,1.0,0.0,8952.969420234487,-14.228405682700595,14761.00889532772,474.3818198525532,-0.044983388109707964,18.072610992688958,1.0,14767.806381144626,0.0,1.0,473.06860079685634,22786.364247797894,1.0,1.0,-0.1410593168814675,18.53231515464834,0.06279125159724563,-44.20477661781523,0.0,0.0,1.0,0.6475859594592276,6.789342581354839
22.6,22.6,1.0,-13.941656617835656,-0.039111272713353525,30.993970275637285,0.0022112715448811236,0.4148825291251259,0.0018024488493480564,33.985254337556185,0.41489233725987357,1.0,0.0,9048.777747529619,-6.973178908335728,14769.08129446874,471.40820081926665,-0.056385482914951095,18.614918909107043,1.0,14766.255583010665,0.0,1.0,470.82784181175293,22538.811362195207,1.0,1.0,-0.1410593168814675,18.53231515464834,0.06279125159724563,-44.20477661781523,0.0,0.0,1.0,0.6475859594592276,6.789342581354839
22.64,22.64,1.0,-11.965240565814582,0.010715400969621956,16.359307509950575,0.0006597013884734867,1.1806069493834408,-0.0019586494013468223,20.268054638340555,1.1806087584148586,1.0,0.0,9048.777747529619,-6.973178908335728,14769.08129446874,471.40820081926665,-0.056385482914951095,18.614918909107043,1.0,14768.473758474203,0.0,1.0,471.65067286423266,22125.799787471587,1.0,1.0,0.34997437528095204,20.00622620743512,0.059639482263682236,-43.589303083848584,0.0,0.0,1.0,-0.2828475219455991,4.75031904905959
22.68,22.68,1.0,-9.259232397694438,-0.025662228879690576,-2.0683282254319773,-0.0013854239450645893,0.8647524264425446,-0.0026266184161068363,9.487466721555547,0.8647575252994795,1.0,0.0,9048.777747529619,-6.973178908335728,14769.08129446874,471.40820081926665,-0.056385482914951095,18.614918909107043,1.0,14766.486180700982,0.0,1.0,470.2097529089957,22159.093812318755,1.0,1.0,0.34997437528095204,20.00622620743512,0.059639482263682236,-43.589303083848584,0.0,0.0,1.0,-0.2828475219455991,4.75031904905959
22.72,22.72,1.0,-9.08691216890924,-0.005201249086795386,-10.100596079398889,-0.002124644543349121,0.10393069143235556,-0.0010059776421867221,13.586538962430097,0.10395727356495874,1.0,0.0,9048.777747529619,-6.973178908335728,14769.08129446874,471.40820081926665,-0.056385482914951095,18.614918909107043,1.0,14755.987844512392,0.0,1.0,470.03205292353005,22304.26735787551,1.0,1.0,0.7536342882015321,22.82022795757782,0.11235102300465245,-42.197357951805955,0.0,0.0,1.0,-0.19855842290818637,0.967666878801114
22.76,22.76,1.0,-8.860494032575168,0.07953826836775903,-2.8668429617056383,0.001974063667538911,-0.6681195634162007,0.004928781454204969,9.313080553958303,0.6681406594673321,1.0,0.0,9048.777747529619,-6.973178908335728,14769.08129446874,471.40820081926665,-0.056385482914951095,18.614918909107043,1.0,14762.358841797903,0.0,1.0,470.455453117288,22115.465770860137,1.0,1.0,0.7536342882015321,22.82022795757782,0.11235102300465245,-42.197357951805955,0.0,0.0,1.0,-0.19855842290818637,0.967666878801114
22.8,22.8,1.0,-11.30316353149502,-0.0560145987458475,14.3662127892957,0.0040503057667060395,-1.4350389922713942,0.0017766748048688044,18.279844456731983,1.4350458079411488,1.0,0.0,9148.308251790831,5.579344305558229,14769.193033722258,468.9627964877071,-0.2045388350994011,17.420413498595636,1.0,14770.504636620784,0.0,1.0,469.2416803449022,22104.865869937934,1.0,1.0,-0.6300545297650411,20.547663682926903,-0.027184419993441768,-43.42212641319183,0.0,0.0,1.0,0.14873034566272347,5.137029217621892
22.84,22.84,1.0,-13.798613395742295,0.010755701060222412,31.38212101121338,0.0017829222020309624,-0.6671147199128818,-0.0006967794000986333,34.28176434334593,0.6671174662962691,1.0,0.0,9148.308251790831,5.579344305558229,14769.193033722258,468.9627964877071,-0.2045388350994011,17.420413498595636,1.0,14763.869724473052,0.0,1.0,469.7634205769347,22287.736241423554,1.0,1.0,-0.6300545297650411,20.547663682926903,-0.027184419993441768,-43.42212641319183,0.0,0.0,1.0,0.14873034566272347,5.137029217621892
22.88,22.88,1.0,-14.278290076950011,0.032943553322416,35.92947212565631,0.0008086319033243533,0.10494373728236818,-0.0007058170411190487,38.662612690137074,0.10494922609548543,1.0,0.0,9148.308251790831,5.579344305558229,14769.193033722258,468.9627964877071,-0.2045388350994011,17.420413498595636,1.0,14764.858596508137,0.0,1.0,468.80234693798974,22066.47779496122,1.0,1.0,1.6594680699979087,18.21863927785388,-0.09362597880460789,-44.36254519983137,0.0,0.0,1.0,-0.21454226793137737,7.6370067047031185
22.92,22.92,1.0,-12.980877105128751,-0.0174614685783242,25.448459502746818,-0.0008937933551745551,0.8684319213360434,0.0007205939366033162,28.56794648525311,0.8684326802450465,1.0,0.0,9148.308251790831,5.579344305558229,14769.193033722258,468.9627964877071,-0.2045388350994011,17.420413498595636,1.0,14761.730430622305,0.0,1.0,467.35530186102056,21996.060276654145,1.0,1.0,1.6594680699979087,18.21863927785388,-0.09362597880460789,-44.36254519983137,0.0,0.0,1.0,-0.21454226793137737,7.6370067047031185
22.96,22.96,1.0,-10.012480228784511,-0.04595318106854826,5.458524496447675,0.0005561230526720109,1.63774011015254,-0.002100604586060967,11.40383101001459,1.637741551715328,1.0,0.0,9148.308251790831,5.579344305558229,14769.193033722258,468.9627964877071,-0.2045388350994011,17.420413498595636,1.0,14771.74343605201,0.0,1.0,467.71862995183704,21633.331059881926,1.0,1.0,-2.4030253848222882,21.197166018349808,-0.0396478763021674,-42.97792417831902,0.0,0.0,1.0,-0.14880087396940525,3.671192351702156
23.0,23.0,1.0,-9.38207695165578,-0.054235158947864626,-12.941775099336057,3.129205507055681e-06,0.8686924106477577,-0.002815522824708617,15.984863218090155,0.8686969733431681,1.0,0.0,9239.816220024866,1.2013741436137972,14772.658691292969,466.28482030520627,0.1311339856674152,19.21512765677879,1.0,14769.331030340963,0.0,1.0,466.0965730089964,22101.719349341496,1.0,1.0,-2.4030253848222882,21.197166018349808,-0.0396478763021674,-42.97792417831902,0.0,0.0,1.0,-0.14880087396940525,3.671192351702156
23.04,23.04,1.0,-9.87840270060226,0.02063973757576763,-20.86593341861763,0.0027758721753367043,0.10090751586160637,0.0006051394751964758,23.08615263191806,0.10094750327511122,1.0,0.0,9239.816220024866,1.2013741436137972,14772.658691292969,466.28482030520627,0.1311339856674152,19.21512765677879,1.0,14768.438730251488,0.0,1.0,466.68275250860876,21947.499069405603,1.0,1.0,0.7182668324531104,24.21456935175574,-0.019176982515919466,-41.50407773957543,0.0,0.0,1.0,0.4510430607167635,-0.3916291587756806
23.080000000000002,23.080000000000002,1.0,-9.387083606290322,0.019013633417445823,-13.553244216636191,-0.0007040425473136109,-0.6664637112355997,-0.0012932322555867053,16.48660453051272,0.6664653378229839,1.0,0.0,9239.816220024866,1.2013741436137972,14772.658691292969,466.28482030520627,0.1311339856674152,19.21512765677879,1.0,14778.615301280726,0.0,1.0,466.4834126568634,22086.73000462659,1.0,1.0,0.7182668324531104,24.21456935175574,-0.019176982515919466,-41.50407773957543,0.0,0.0,1.0,0.4510430607167635,-0.3916291587756806
23.12,23.12,1.0,-9.386098067893487,0.021798588611062267,2.842650165572246,0.0002094506134777552,-1.433553426661757,0.001632686406842088,9.807138832626322,1.4335543717027714,1.0,0.0,9239.816220024866,1.2013741436137972,14772.658691292969,466.28482030520627,0.1311339856674152,19.21512765677879,1.0,14768.35042966497,0.0,1.0,465.5424010800786,21694.025135105054,1.0,1.0,-1.4115187034917365,21.96808876383869,-0.0006623521002778965,-42.6695717914151,0.0,0.0,1.0,0.39319406043677896,2.7778993278654402
23.16,23.16,1.0,-12.569931386419798,0.010454403660574327,24.182793040524174,-0.0005874941513829412,-1.1199818084439597,-0.0013136345851347746,27.25455491463183,1.119982732916273,1.0,0.0,9239.816220024866,1.2013741436137972,14772.658691292969,466.28482030520627,0.1311339856674152,19.21512765677879,1.0,14777.274411420009,0.0,1.0,464.4275395138518,21447.294277725705,1.0,1.0,-1.4115187034917365,21.96808876383869,-0.0006623521002778965,-42.6695717914151,0.0,0.0,1.0,0.39319406043677896,2.7778993278654402
23.2,23.2,1.0,-14.14250846200323,-0.01984117302835224,36.39643313761879,-0.0007980902592148606,-0.35254476611352,0.004487998083601043,39.04755158023529,0.3525742350043417,1.0,0.0,9334.492785211332,-1.4867311178956555,14770.250048890206,464.02067252286844,-0.053658767879213434,17.28683852212963,1.0,14773.766151324384,0.0,1.0,463.7908089023174,21714.817456315795,1.0,1.0,-0.17018302100306057,18.144097812249232,-0.023919685619925714,-44.448207073944666,0.0,0.0,1.0,-0.2241881809935186,6.988168730925017
23.240000000000002,23.240000000000002,1.0,-13.845485255051962,0.11740587161570865,32.8404540231054,-0.0016362466739087314,0.4136576918021338,0.000349194446013392,35.639958845799065,0.4136610753104625,1.0,0.0,9334.492785211332,-1.4867311178956555,14770.250048890206,464.02067252286844,-0.053658767879213434,17.28683852212963,1.0,14778.318109691196,0.0,1.0,463.1944341832398,21604.08031511726,1.0,1.0,-0.17018302100306057,18.144097812249232,-0.023919685619925714,-44.448207073944666,0.0,0.0,1.0,-0.2241881809935186,6.988168730925017
23.28,23.28,1.0,-11.919095831183219,0.05902083930954956,18.541034091281585,0.0009110233976746653,1.1844574800263057,-0.0013645374481281614,22.041739361186263,1.1844586163797977,1.0,0.0,9334.492785211332,-1.4867311178956555,14770.250048890206,464.02067252286844,-0.053658767879213434,17.28683852212963,1.0,14771.629265638792,0.0,1.0,463.1938671199082,21741.312841519466,1.0,1.0,-0.505784417394282,19.6995964301196,-0.005162264500303797,-43.705414512425854,0.0,0.0,1.0,0.28713155774724636,6.086147031364684
23.32,23.32,1.0,-8.91202224997628,0.01870559697407589,-1.7174478454271445,0.0012042828045511886,1.2397360295633113,0.0026522795427283514,9.076018818027691,1.2397394516112044,1.0,0.0,9334.492785211332,-1.4867311178956555,14770.250048890206,464.02067252286844,-0.053658767879213434,17.28683852212963,1.0,14777.278357535712,0.0,1.0,462.104670248977,21383.654540439355,1.0,1.0,-0.505784417394282,19.6995964301196,-0.005162264500303797,-43.705414512425854,0.0,0.0,1.0,0.28713155774724636,6.086147031364684
23.36,23.36,1.0,-9.177397553373163,-0.050415201224488046,-14.498877391186035,-0.00119019183268794,0.4695954907423253,0.0017981932305087868,17.159388484145342,0.4696004418449989,1.0,0.0,9334.492785211332,-1.4867311178956555,14770.250048890206,464.02067252286844,-0.053658767879213434,17.28683852212963,1.0,14785.82719536254,0.0,1.0,462.5351370253248,21500.31738926146,1.0,1.0,0.8213991623367932,23.430449716723153,-0.002454187132191632,-41.85642077655214,0.0,0.0,1.0,0.02965868158191971,1.1048297991505929
23.400000000000002,23.400000000000002,1.0,-9.225868150732609,0.08661857181527344,-12.47606737574189,-0.0020401470286990266,-0.29823270343237757,0.0021025783551742714,15.516971453081196,0.2982470929149567,1.0,0.0,9415.899853703095,-0.804766166227312,14769.513519167269,461.4935829213293,0.08104633732945542,17.2823368470036,1.0,14778.901290962116,0.0,1.0,462.3843554506017,21416.541295447798,1.0,1.0,0.8213991623367932,23.430449716723153,-0.002454187132191632,-41.85642077655214,0.0,0.0,1.0,0.02965868158191971,1.1048297991505929
23.44,23.44,1.0,-8.529221804739525,0.003647016188638472,-0.9881167763414341,-0.00029692415557278827,-1.0610637291373919,-0.0014433356649426337,8.586268843849382,1.061064752346785,1.0,0.0,9415.899853703095,-0.804766166227312,14769.513519167269,461.4935829213293,0.08104633732945542,17.2823368470036,1.0,14769.785578786854,0.0,1.0,460.6794936075741,20959.049782686772,1.0,1.0,1.4587733499998081,22.438668887916094,-0.015920747493309344,-42.50285550645927,0.0,0.0,1.0,0.23631238039955343,2.3445980203018126
23.48,23.48,1.0,-11.477323565563138,0.0739045201932267,18.55587976202953,0.00045237360665677354,-1.2736996552714688,0.000939132302876603,21.8186867581354,1.2737000818285367,1.0,0.0,9415.899853703095,-0.804766166227312,14769.513519167269,461.4935829213293,0.08104633732945542,17.2823368470036,1.0,14777.12183841987,0.0,1.0,460.9886409290671,21470.946954255684,1.0,1.0,1.4587733499998081,22.438668887916094,-0.015920747493309344,-42.50285550645927,0.0,0.0,1.0,0.23631238039955343,2.3445980203018126
23.52,23.52,1.0,-13.398105465899018,-0.03863253488308718,32.634826864469574,0.0017252673941160596,-0.5011049093403953,-0.0007435353042717058,35.278076010774875,0.5011084309382309,1.0,0.0,9415.899853703095,-0.804766166227312,14769.513519167269,461.4935829213293,0.08104633732945542,17.2823368470036,1.0,14791.808502869468,0.0,1.0,460.1111492762474,21064.42324770155,1.0,1.0,1.8395212164598005,18.684722111970498,-0.02184988117401138,-44.223056843609825,0.0,0.0,1.0,0.29746595298816286,7.260277417735526
23.56,23.56,1.0,-13.390638238413473,-0.046159752548658214,31.91260346462077,0.004182905754997748,0.2680749117267013,0.0006337003920077924,34.608172200290234,0.26810829262449287,1.0,0.0,9415.899853703095,-0.804766166227312,14769.513519167269,461.4935829213293,0.08104633732945542,17.2823368470036,1.0,14785.659634341358,0.0,1.0,459.2304687504817,21146.004797953927,1.0,1.0,1.8395212164598005,18.684722111970498,-0.02184988117401138,-44.223056843609825,0.0,0.0,1.0,0.29746595298816286,7.260277417735526
23.6,23.6,1.0,-11.882261150616587,-0.007568708335785081,19.907457224108175,-0.002942510718689548,1.0355497421420168,0.0009467718460768877,23.183939278442196,1.0355543555007893,1.0,0.0,9506.553840476096,2.940223171643569,14786.008250843923,458.8929848454038,0.05377977114555956,18.418579398088614,1.0,14783.854204043715,0.0,1.0,458.5194307625527,21036.991269979473,1.0,1.0,0.2698755992664473,19.597300188547948,-0.02449305442875507,-43.800866803708665,0.0,0.0,1.0,0.08667984530447032,5.533002348295433
23.64,23.64,1.0,-8.605456203698248,0.06072443964681704,-1.245650187267985,-0.0016896195301108097,1.6618349582247198,-0.0010493458519371306,8.695355560319534,1.6618361484570703,1.0,0.0,9506.553840476096,2.940223171643569,14786.008250843923,458.8929848454038,0.05377977114555956,18.418579398088614,1.0,14780.660823095275,0.0,1.0,459.0184620249346,21221.738382539173,1.0,1.0,0.2698755992664473,19.597300188547948,-0.02449305442875507,-43.800866803708665,0.0,0.0,1.0,0.08667984530447032,5.533002348295433
23.68,23.68,1.0,-9.365376579976555,0.011742283093183408,-18.56174080549133,0.0011758357910957072,0.8982978521929397,0.002250646175855211,20.790590133428815,0.8983014411946944,1.0,0.0,9506.553840476096,2.940223171643569,14786.008250843923,458.8929848454038,0.05377977114555956,18.418579398088614,1.0,14782.212701018474,0.0,1.0,458.057611561246,21329.15911846724,1.0,1.0,-0.6909406059143783,24.20226070637428,0.05984586903947111,-41.43332162416113,0.0,0.0,1.0,0.10131945713520968,-0.21205569885779138
23.72,23.72,1.0,-9.86380952086223,0.033236189126163204,-26.18682996126255,0.0031913558531131924,0.12479798986803756,0.001871531993694638,27.982957426408632,0.12485281598461216,1.0,0.0,9506.553840476096,2.940223171643569,14786.008250843923,458.8929848454038,0.05377977114555956,18.418579398088614,1.0,14784.256219971665,0.0,1.0,457.6409557486106,21181.528664390848,1.0,1.0,-0.6909406059143783,24.20226070637428,0.05984586903947111,-41.43332162416113,0.0,0.0,1.0,0.10131945713520968,-0.21205569885779138
23.76,23.76,1.0,-9.536419741263622,0.04133240278302853,-19.313858101801603,-0.0005973120623281582,-0.6419774608582617,0.0018593929294761816,21.539965752656382,0.6419804314570553,1.0,0.0,9506.553840476096,2.940223171643569,14786.008250843923,458.8929848454038,0.05377977114555956,18.418579398088614,1.0,14779.829516067122,0.0,1.0,457.34428440557275,20808.51443260967,1.0,1.0,-0.16823325514292603,24.638742277928653,0.04929990474453753,-41.12913341577313,0.0,0.0,1.0,0.3236610702121741,-1.0755188339648942
23.8,23.8,1.0,-8.40043062835487,-0.025490353270677252,-3.9593688265496167,0.0012513314268438854,-1.410119444248218,-0.0026730789514553643,9.286790942223549,1.4101225330546008,1.0,0.0,9617.563896198812,-2.9310560280612137,14779.425152797628,456.5021202232704,-0.025169717760784464,13.929137696815467,1.0,14788.332497116977,0.0,1.0,457.48609397422587,20657.079021273894,1.0,1.0,-0.16823325514292603,24.638742277928653,0.04929990474453753,-41.12913341577313,0.0,0.0,1.0,0.3236610702121741,-1.0755188339648942
23.84,23.84,1.0,-11.977272036018679,-0.005913266953454931,21.52545275312033,0.0016419685551730386,-1.9933672774505296,0.0008266463590976895,24.633314771226726,1.9933681251127389,1.0,0.0,9617.563896198812,-2.9310560280612137,14779.425152797628,456.5021202232704,-0.025169717760784464,13.929137696815467,1.0,14785.347474517206,0.0,1.0,456.3760506754013,20906.511247293594,1.0,1.0,1.1078932692263679,19.926904986008555,0.06071823157250843,-43.81122528538347,0.0,0.0,1.0,-0.07363930624089673,4.7770046449392005
23.88,23.88,1.0,-15.318909064599879,-0.08708784338664606,44.525434849202995,0.0005101344911868985,-1.2294008772176228,0.0016283247075471897,47.0870566900562,1.2294020614030272,1.0,0.0,9617.563896198812,-2.9310560280612137,14779.425152797628,456.5021202232704,-0.025169717760784464,13.929137696815467,1.0,14789.01654980402,0.0,1.0,455.6688870275776,20746.848914537077,1.0,1.0,1.1078932692263679,19.926904986008555,0.06071823157250843,-43.81122528538347,0.0,0.0,1.0,-0.07363930624089673,4.7770046449392005
23.92,23.92,1.0,-16.896568325457086,0.025100498941868846,57.06673638855297,0.0009207824898136963,-0.4606289644089796,0.0032045053070555427,59.51560344357169,0.460641031115494,1.0,0.0,9617.563896198812,-2.9310560280612137,14779.425152797628,456.5021202232704,-0.025169717760784464,13.929137696815467,1.0,14792.196445711661,0.0,1.0,454.85310716320765,20645.9930819237,1.0,1.0,-1.2890922816724097,15.533369936942062,-0.03641684819404677,-45.41343034454777,0.0,0.0,1.0,-0.0761986774974831,10.681678009323884
23.96,23.96,1.0,-16.645443499573958,0.04163720796001238,55.32675672064206,-0.0019270872189898927,0.3065965414956729,0.0004758397192273963,57.776487710657065,0.30660296695514194,1.0,0.0,9617.563896198812,-2.9310560280612137,14779.425152797628,456.5021202232704,-0.025169717760784464,13.929137696815467,1.0,14788.504314951522,0.0,1.0,453.75250038380227,20440.337508717326,1.0,1.0,-1.2890922816724097,15.533369936942062,-0.03641684819404677,-45.41343034454777,0.0,0.0,1.0,-0.0761986774974831,10.681678009323884
24.0,24.0,1.0,-15.140167185860008,-0.09582039432264207,42.13963979214713,-0.0024797013247905408,1.0724030035683234,0.0022591206919352473,44.777037483242125,1.0724082499716805,1.0,0.0,9699.055192887967,-18.17261619796294,14788.674020840306,452.58541921685475,0.06404424162211508,19.158266632286587,1.0,14792.79441668175,0.0,1.0,452.183680044882,20211.807799715127,1.0,1.0,-0.35154605242710285,16.567479555538963,-0.029667661575812583,-45.05786021100026,0.0,0.0,1.0,-0.2175638862659047,9.832308121464754
